,index,word,dfidf
0,0,influenster,0.5330573920783132
1,0,hourglass,0.39493352915689695
2,0,brushes,0.22081025764367385
3,0,vanish,0.45478091688690375
4,0,bristles,0.37322012563727314
5,1,bristles,0.6050331937716831
6,1,brushes,0.2928178615826859
7,1,blending,0.2641380755782531
8,1,lock,0.28954012295331977
9,1,influenster,0.423146839777336
10,2,fluffy,0.20198401444692685
11,2,bristles,0.4423251456602745
12,2,brushes,0.29817945351341146
13,2,setting,0.5867894692216504
14,2,influenster,0.3671024479667986
15,3,bristles,0.6155537602143215
16,3,airbrushed,0.22871541151770003
17,3,brushes,0.3703758958975072
18,3,shedding,0.25524410447364254
19,3,tarte,0.3062076137721271
20,4,bristles,0.46809769051196465
21,4,airbrushed,0.30411602866434545
22,4,brushes,0.5385282149007052
23,4,airbrush,0.29309268757289647
24,4,foundations,0.2213107914213546
25,5,wrinkles,0.6075062802909209
26,5,wrinkle,0.18604613234530265
27,5,shiseido,0.3112252906625411
28,5,circles,0.359124259065167
29,5,jar,0.1557070698630786
30,6,wrinkles,0.1246516820667221
31,6,pad,0.15595984487206094
32,6,philosophy,0.2892392171800495
33,6,retinol,0.14731260529797338
34,6,pads,0.8556782557270246
35,7,wrinkles,0.22626670922882444
36,7,philosophy,0.3788336980942455
37,7,retinol,0.7293080009374151
38,7,scars,0.1408168822839593
39,7,aging,0.13060469227056035
40,8,absorbs,0.20838730392668958
41,8,wrinkles,0.1592856870977894
42,8,philosophy,0.525757821828402
43,8,jar,0.6112929024339684
44,8,aging,0.2322361363509406
45,9,moisturizers,0.29589903523105526
46,9,roses,0.3396187762450548
47,9,rose,0.42526276383502587
48,9,absorbs,0.3395610731087597
49,9,jar,0.291600875141969
50,10,balm,0.12479167950499556
51,10,lip,0.4211088666294328
52,10,chapped,0.15760372980833193
53,10,lipstick,0.08335893535293686
54,10,lips,0.8574572982473375
55,11,lip,0.4735568916947801
56,11,mint,0.17218904496522658
57,11,balm,0.4666599001103249
58,11,lips,0.6752149227991878
59,11,balms,0.16272277683675107
60,12,waves,0.5462154272857602
61,12,wavy,0.4263361044177166
62,12,volume,0.22477000238529807
63,12,beach,0.23653893108412713
64,12,beachy,0.2260201768079008
65,13,sensation,0.1558233533140032
66,13,cleansers,0.11459334012070106
67,13,boscia,0.16749557542902713
68,13,warming,0.4402433489993864
69,13,cleanser,0.80652873053447
70,14,tinted,0.3140274184888759
71,14,radiant,0.31620995350617487
72,14,shade,0.19588412509999406
73,14,luminous,0.1774503336167513
74,14,pump,0.4267690386188432
75,15,removes,0.1757795958944748
76,15,influenster,0.4908657071909312
77,15,remover,0.7010759609366174
78,15,waterproof,0.3063398680889464
79,15,mascara,0.22314020104910168
80,16,removes,0.1766552928046186
81,16,mascara,0.3470783802607055
82,16,remover,0.6741153539780863
83,16,waterproof,0.5409427993005224
84,16,cotton,0.1419444594967636
85,17,cleansing,0.39463007503844816
86,17,removes,0.32089715271242564
87,17,waterproof,0.2900381790511481
88,17,remover,0.36370283420645216
89,17,cleanser,0.4658448229075187
90,18,removes,0.2258950073988453
91,18,mascara,0.3636121284695388
92,18,eyeliner,0.18505250840421938
93,18,remover,0.7332866887319514
94,18,waterproof,0.35185943297068245
95,19,removes,0.20269578989050333
96,19,mascara,0.37912514087971805
97,19,eyeliner,0.17227457115545855
98,19,remover,0.6398297481437165
99,19,waterproof,0.4956933201768117
100,20,clearing,0.1524254765624903
101,20,masks,0.3537741255111022
102,20,mud,0.2473944017534537
103,20,blackheads,0.4630243855873978
104,20,jar,0.18217993743839533
105,21,peeled,0.18799291795109527
106,21,pore,0.20344947103489733
107,21,peel,0.536777141685615
108,21,heads,0.22129591586251987
109,21,blackheads,0.4914719876301161
110,22,origins,0.2033418392149085
111,22,cleared,0.13849827017288208
112,22,charcoal,0.47196385683029496
113,22,blackheads,0.5668230308652007
114,22,masks,0.3469027021069545
115,23,masks,0.3293850574141139
116,23,mud,0.2888966104771492
117,23,tingling,0.3108194263803291
118,23,tingle,0.37123027642635664
119,23,sensation,0.2565176966106451
120,24,korres,0.29144017099180863
121,24,roses,0.2671499679242327
122,24,rose,0.6961611640444572
123,24,wild,0.17721813097043673
124,24,sleeping,0.21775118657142895
125,25,lip,0.20867007669839696
126,25,colors,0.20351155814852248
127,25,lipstick,0.5930133908644811
128,25,lips,0.46668019188366716
129,25,lipsticks,0.39561059572274293
130,26,lip,0.46607778587610965
131,26,lipstick,0.39142661993317673
132,26,lips,0.4410396917229713
133,26,stain,0.3372133228119094
134,26,colors,0.27562024242214656
135,27,lipsticks,0.23071081533634183
136,27,nars,0.25229427320358827
137,27,lipstick,0.7617458383548462
138,27,lips,0.33672163894924473
139,27,lip,0.21912731309717295
140,28,pencil,0.5045659631290046
141,28,lip,0.5449434172055003
142,28,nars,0.17113848016298738
143,28,lipstick,0.3096620358462189
144,28,lips,0.42789969487577173
145,29,lipsticks,0.348879133482229
146,29,lipstick,0.7000169468038426
147,29,lips,0.33992787466895563
148,29,bite,0.3015205918333859
149,29,lip,0.17418159559189583
150,30,lotions,0.13121293567075026
151,30,perfume,0.296183578599086
152,30,grace,0.6515967956330558
153,30,firming,0.5182667722193033
154,30,philosophy,0.23732693139211988
155,31,sweet,0.12019882260363451
156,31,perfume,0.8201388113705623
157,31,flower,0.14511296007636132
158,31,floral,0.23869316521553283
159,31,influenster,0.34591442976286646
160,32,lotions,0.13616325559871822
161,32,philosophy,0.29139926989713416
162,32,perfume,0.18521301689707068
163,32,grace,0.8486611159652341
164,32,pump,0.13081183140688676
165,33,sweet,0.24498013898788482
166,33,perfume,0.20802457588035284
167,33,philosophy,0.4514333003881126
168,33,firming,0.6482590660557362
169,33,grace,0.24900353595086613
170,34,scents,0.20711472933064182
171,34,perfume,0.5304565130562351
172,34,philosophy,0.2909203066214266
173,34,grace,0.2864337437334895
174,34,falling,0.39552213397266783
175,35,josie,0.28252310471651987
176,35,drops,0.4757472139689449
177,35,cuticles,0.241363203620734
178,35,argan,0.5570532787222242
179,35,maran,0.22233750767673108
180,36,wavy,0.19186950253486426
181,36,bumble,0.38226757360995445
182,36,frizzy,0.38021474877710504
183,36,curly,0.2747489171573543
184,36,frizz,0.4915878535960385
185,37,josie,0.2750637400725085
186,37,drops,0.4421322977570339
187,37,cuticles,0.18039680145204287
188,37,argan,0.5856734682894486
189,37,maran,0.20423441318979466
190,38,floral,0.1670319372782318
191,38,divine,0.5942576441675295
192,38,caudalie,0.43350919921404024
193,38,legs,0.15410624735740555
194,38,absorbs,0.27249245641208464
195,39,frizz,0.5971321048952518
196,39,frizzy,0.3489404924122733
197,39,mist,0.34439396684245366
198,39,curly,0.1932563770238777
199,39,weigh,0.1978693495908979
200,40,sweat,0.41553597979814555
201,40,odor,0.26870961904490986
202,40,vanilla,0.7248901225254057
203,40,lavender,0.20810176696097107
204,40,sweating,0.159139793719287
205,41,butter,0.5972174310217641
206,41,purse,0.2692509547672688
207,41,lavender,0.3284597177086362
208,41,almond,0.3469226602978458
209,41,absorbs,0.2469168944233828
210,42,shampoo,0.4403857524596356
211,42,perfume,0.18970239578827783
212,42,philosophy,0.3043147035416002
213,42,bath,0.3623070964070773
214,42,grace,0.647972807834809
215,43,lotions,0.13121293567075026
216,43,perfume,0.296183578599086
217,43,grace,0.6515967956330558
218,43,firming,0.5182667722193033
219,43,philosophy,0.23732693139211988
220,44,butter,0.5061954180251675
221,44,vanilla,0.5730010098214982
222,44,citrus,0.3260469896832142
223,44,scents,0.21303052809159126
224,44,sweet,0.19523062685296633
225,45,bare,0.3281154680026572
226,45,foundations,0.33369324683148577
227,45,cakey,0.26165311862895757
228,45,minerals,0.39359138985604014
229,45,bareminerals,0.459255516925721
230,46,shade,0.31981567112443476
231,46,foundations,0.3183567021911321
232,46,cakey,0.5558165362837032
233,46,setting,0.20280895063329976
234,46,kvd,0.1972512874539061
235,47,bare,0.35892937186168933
236,47,shade,0.23070564260678453
237,47,minerals,0.428317079597744
238,47,foundations,0.29147408253817564
239,47,bareminerals,0.469717614724664
240,48,cakey,0.32489796142826327
241,48,foundations,0.4373705979535037
242,48,shade,0.2962297299959644
243,48,mat,0.19980037049395738
244,48,mufe,0.19627870408547732
245,49,match,0.2110487723551894
246,49,shade,0.4291838219273081
247,49,foundations,0.35131904009663745
248,49,cakey,0.3780380195121338
249,49,buildable,0.26499895283518365
250,50,influenster,0.3064282495761256
251,50,scars,0.24777180837320037
252,50,henriksen,0.2387325488508841
253,50,vitamin,0.35980315019121045
254,50,ole,0.3404731604032918
255,51,primers,0.44868862304184576
256,51,pore,0.4954708058817093
257,51,dr,0.2565993178936331
258,51,minimizing,0.20943224151481693
259,51,zone,0.20853078071927994
260,52,marks,0.22907149704126947
261,52,scarring,0.15405026597201146
262,52,scars,0.7357349312702844
263,52,clinique,0.21799452711467732
264,52,corrector,0.2590990802995492
265,53,pimples,0.5371819995142952
266,53,zits,0.20077847541306582
267,53,blemishes,0.22223051256759385
268,53,pimple,0.476172567824504
269,53,cystic,0.26025131716466443
270,54,masks,0.3293850574141139
271,54,mud,0.2888966104771492
272,54,tingling,0.3108194263803291
273,54,tingle,0.37123027642635664
274,54,sensation,0.2565176966106451
275,55,eyelashes,0.13987997166653984
276,55,mascara,0.6720593820641098
277,55,volume,0.09772811196098562
278,55,lashes,0.6721916335998951
279,55,lash,0.10510072172589902
280,56,eyelashes,0.13832152299236813
281,56,mascara,0.7061730963367727
282,56,volume,0.10365957987513646
283,56,lashes,0.63629805227737
284,56,clumpy,0.11590400896279916
285,57,eyelashes,0.13430072152645436
286,57,mascara,0.7083605321708539
287,57,volume,0.14770957200672324
288,57,lashes,0.6257104526817482
289,57,clump,0.0992478106579118
290,58,eyelashes,0.17133607233843734
291,58,mascara,0.6881671198858216
292,58,volume,0.13150470047906287
293,58,lashes,0.6445239786460428
294,58,lash,0.10276404376014069
295,59,eyelashes,0.1389430730599238
296,59,mascara,0.7084196635008417
297,59,volume,0.13224871689428197
298,59,lashes,0.6256030856348879
299,59,clumpy,0.13774204713863955
300,60,lip,0.5269555195686916
301,60,balm,0.2436611795117493
302,60,rose,0.1399361995367445
303,60,lips,0.7031787714651467
304,60,sugar,0.14913589361192964
305,61,lip,0.32374384656593136
306,61,cuticles,0.14615630253141487
307,61,balm,0.3358114016905181
308,61,lips,0.8186866755054263
309,61,chapped,0.18573739219882687
310,62,lip,0.5133721101432398
311,62,korres,0.14806009745283258
312,62,balm,0.2528298423989823
313,62,lips,0.7057718218427946
314,62,butter,0.23014925562394517
315,63,coral,0.21001938981964086
316,63,lip,0.541808885120468
317,63,balm,0.3501187601705616
318,63,lipstick,0.15329337885914365
319,63,lips,0.6480450197678598
320,64,balm,0.12479167950499556
321,64,lip,0.4211088666294328
322,64,chapped,0.15760372980833193
323,64,lipstick,0.08335893535293686
324,64,lips,0.8574572982473375
325,65,growth,0.17695770286428844
326,65,growing,0.20014159376347707
327,65,vitamins,0.29356800566635083
328,65,nails,0.8287801857135646
329,65,grow,0.20463929594907374
330,66,frizz,0.4066363165584184
331,66,blow,0.2309203479483743
332,66,frizzy,0.37034718362778685
333,66,conditioner,0.2485170872942215
334,66,curly,0.3086645889340165
335,67,pre,0.245578658262916
336,67,influenster,0.7911523815731862
337,67,conditioner,0.15551422773262813
338,67,shampoo,0.21467837682823632
339,67,testing,0.18762693295300242
340,68,frizz,0.5971321048952518
341,68,frizzy,0.3489404924122733
342,68,mist,0.34439396684245366
343,68,curly,0.1932563770238777
344,68,weigh,0.1978693495908979
345,69,damaged,0.19547415563835485
346,69,conditioner,0.6235049041831525
347,69,curly,0.20436204171524666
348,69,frizzy,0.24381432239206702
349,69,conditioning,0.3262497941757404
350,70,purse,0.14701651225579443
351,70,perfume,0.7821278452008265
352,70,refill,0.3571056216871423
353,70,floral,0.2009871419206409
354,70,roller,0.16909603252278724
355,71,layered,0.20859117342709665
356,71,fragrances,0.2602805303231663
357,71,perfume,0.22530638942366626
358,71,roller,0.219380988402899
359,71,scents,0.7218053201387301
360,72,book,0.29025426514288355
361,72,fragrances,0.33264713020067543
362,72,rain,0.29198180903732646
363,72,gold,0.19030169532199395
364,72,scents,0.7110868764972212
365,73,perfume,0.247595480757544
366,73,purse,0.2751060897306045
367,73,glue,0.3571724148484095
368,73,fragrances,0.32607367616305577
369,73,scents,0.6246544621829286
370,74,duo,0.19308777817671569
371,74,purse,0.1963339673643608
372,74,perfume,0.49083491841090204
373,74,minis,0.2684917735361632
374,74,scents,0.45110197122357465
375,75,palette,0.846793080910456
376,75,naked,0.2799307597760672
377,75,shades,0.14745348885612716
378,75,shadows,0.15311129954602573
379,75,colors,0.29880537929965595
380,76,palette,0.8292864298750765
381,76,pigmented,0.16781347873761263
382,76,naked,0.2469768523983494
383,76,shades,0.19023639122371228
384,76,colors,0.2916548176425939
385,77,palette,0.8215716193782313
386,77,naked,0.2122438171266877
387,77,shades,0.1956703398305818
388,77,shadows,0.15960735047926916
389,77,colors,0.3185077219157798
390,78,palette,0.877204667191183
391,78,pigmented,0.14037651820687413
392,78,shades,0.15567596765093125
393,78,shadows,0.17100883904303169
394,78,colors,0.2826918567930985
395,79,palette,0.8811779785034192
396,79,pigmented,0.22798443783786113
397,79,fallout,0.11022705498513477
398,79,shadows,0.20096639868634764
399,79,colors,0.260989487754413
400,80,ole,0.30092190117839906
401,80,truth,0.44331607598684686
402,80,vitamin,0.24428674350048188
403,80,transformation,0.4228792586612156
404,80,sheer,0.2633345787485058
405,81,influenster,0.5357741746341792
406,81,henriksen,0.2434901540221311
407,81,steps,0.34360469703303625
408,81,vitamin,0.25930773718179045
409,81,ole,0.3399731739554097
410,82,clearing,0.22036108418816103
411,82,clinique,0.5235616701022837
412,82,cleared,0.31590672008074494
413,82,toner,0.25755648833599365
414,82,solutions,0.26224623590562496
415,83,duo,0.4048522836107119
416,83,sunday,0.39546533327504346
417,83,acid,0.20336054945362467
418,83,riley,0.4776788373929005
419,83,pump,0.17808152402082567
420,84,bar,0.4156261828785928
421,84,influenster,0.7643761604018252
422,84,soap,0.21393927776982488
423,84,duo,0.13560705868105993
424,84,cleansing,0.2840959842366461
425,85,wavy,0.1908497828956388
426,85,bumble,0.39094682643480144
427,85,frizzy,0.3732824287893557
428,85,curly,0.27328872226978806
429,85,frizz,0.4938165741794552
430,86,frizz,0.4066363165584184
431,86,blow,0.2309203479483743
432,86,frizzy,0.37034718362778685
433,86,conditioner,0.2485170872942215
434,86,curly,0.3086645889340165
435,87,curls,0.5744545373321461
436,87,frizz,0.4494773052484295
437,87,frizzy,0.23928789472019554
438,87,curly,0.4814921425895858
439,87,crunchy,0.19527430231121579
440,88,bumble,0.2763106342651014
441,88,blow,0.32017754189941855
442,88,styling,0.23816813697303313
443,88,frizzy,0.294664808454345
444,88,frizz,0.3543477159842688
445,89,frizz,0.5971321048952518
446,89,frizzy,0.3489404924122733
447,89,mist,0.34439396684245366
448,89,curly,0.1932563770238777
449,89,weigh,0.1978693495908979
450,90,moisturizers,0.14777395209811975
451,90,dog,0.14683964334507268
452,90,philosophy,0.396692775466262
453,90,absorbs,0.20052724445471684
454,90,jar,0.7404367247538374
455,91,josie,0.28252310471651987
456,91,drops,0.4757472139689449
457,91,cuticles,0.241363203620734
458,91,argan,0.5570532787222242
459,91,maran,0.22233750767673108
460,92,moisturizers,0.24021920390353096
461,92,repair,0.2578285051150771
462,92,fab,0.20617169446999664
463,92,absorbs,0.1939681158185462
464,92,eczema,0.5416699059909152
465,93,moisturizers,0.5141815519586627
466,93,clinique,0.385636163968997
467,93,absorbs,0.4299189900265267
468,93,dramatically,0.16740211682473718
469,93,zone,0.24067913671815155
470,94,moisturizers,0.3483983952078794
471,94,clinique,0.4251641433045308
472,94,absorbs,0.34383409954091465
473,94,surge,0.4894528198512357
474,94,jar,0.290806825250993
475,95,influenster,0.30553482721453273
476,95,scars,0.24704940476165635
477,95,henriksen,0.23803650010903843
478,95,vitamin,0.3669076103952426
479,95,ole,0.3394804766822339
480,96,moisturizers,0.18029446926428613
481,96,korres,0.6445270024881393
482,96,rose,0.40381069709437867
483,96,wild,0.19561178938586368
484,96,brightening,0.37359466693745613
485,97,korres,0.29144017099180863
486,97,roses,0.2671499679242327
487,97,rose,0.6961611640444572
488,97,wild,0.17721813097043673
489,97,sleeping,0.21775118657142895
490,98,freckles,0.2800871000723852
491,98,murad,0.383724856061556
492,98,lightening,0.2993957240890132
493,98,scars,0.4065905935473219
494,98,lightened,0.2441174371996315
495,99,skincare,0.15033162421649648
496,99,sunday,0.4149984161029165
497,99,scars,0.25222746613807284
498,99,acid,0.29048570306228566
499,99,riley,0.4700491124990298
500,100,proof,0.20152550151200366
501,100,limp,0.20470461933947987
502,100,blow,0.25893874748441187
503,100,volume,0.6062362897684477
504,100,living,0.19545769678811845
505,101,wavy,0.426317806617973
506,101,waves,0.5461919844189663
507,101,volume,0.22476035554457927
508,101,beach,0.23652877913605688
509,101,beachy,0.22601047631129642
510,102,shampoo,0.8571317550458531
511,102,shampoos,0.3707682406428379
512,102,scalp,0.12136569792824382
513,102,volume,0.15266721794083482
514,102,roots,0.12654894858139362
515,103,curls,0.24200309728749675
516,103,frizz,0.27646095052038194
517,103,style,0.5286722430882307
518,103,blow,0.25129153436671425
519,103,styling,0.2619103741772039
520,104,wavy,0.1931614741173141
521,104,frizz,0.4948980072615915
522,104,frizzy,0.3778038576364079
523,104,curly,0.26737899967150874
524,104,bumble,0.38484160875087725
525,105,frizz,0.4983563617495409
526,105,conditioner,0.40967526778657243
527,105,shampoo,0.6711143149051839
528,105,curly,0.1244615319272046
529,105,frizzy,0.18752792535235258
530,106,proof,0.13576626870772807
531,106,volume,0.24873336192761222
532,106,conditioner,0.34200514327781895
533,106,shampoo,0.8466419524078883
534,106,living,0.12805425562882836
535,107,volume,0.26116869893480016
536,107,shampoos,0.09843593155986463
537,107,conditioner,0.41536370586218174
538,107,shampoo,0.8059045166892719
539,107,bumble,0.23129754314410003
540,108,shampoos,0.10231065034383112
541,108,conditioner,0.47683395086174857
542,108,shampoo,0.828702392894118
543,108,alterna,0.11940934488465772
544,108,scalp,0.08750805048814835
545,109,proof,0.10698009397141525
546,109,conditioner,0.4159417763823299
547,109,shampoo,0.8454796787608366
548,109,styling,0.12684826222849332
549,109,scalp,0.11833395258165016
550,110,josie,0.28252310471651987
551,110,drops,0.4757472139689449
552,110,cuticles,0.241363203620734
553,110,argan,0.5570532787222242
554,110,maran,0.22233750767673108
555,111,cleansing,0.4417208019666565
556,111,josie,0.19350330209039676
557,111,argan,0.17456358077462336
558,111,maran,0.1474701688948589
559,111,cleanser,0.7172936128576042
560,112,absorbs,0.14455387663766198
561,112,tarte,0.23250935289957855
562,112,ipsy,0.49759557060567156
563,112,maracuja,0.2687016081270626
564,112,drops,0.4880511954889381
565,113,josie,0.2750637400725085
566,113,drops,0.4421322977570339
567,113,cuticles,0.18039680145204287
568,113,argan,0.5856734682894486
569,113,maran,0.20423441318979466
570,114,josie,0.19537950332489856
571,114,drops,0.7786429912386953
572,114,argan,0.11933096257862244
573,114,absorbs,0.2006395684951791
574,114,maran,0.16622488126294155
575,115,tinted,0.7197373323372922
576,115,laura,0.20390002407016591
577,115,mercier,0.20010450560215184
578,115,spf,0.2689155816322065
579,115,sheer,0.2751095545135792
580,116,tinted,0.7669388637215754
581,116,laura,0.25681319463494423
582,116,sheer,0.15897841183356595
583,116,spf,0.21720264420116006
584,116,mercier,0.23250018270728445
585,117,cakey,0.26397995323268486
586,117,shade,0.27920724182967394
587,117,spf,0.40986361159811596
588,117,smashbox,0.31732315052876336
589,117,sheer,0.22437335982365195
590,118,shade,0.3280403217192949
591,118,tarte,0.41962256302234346
592,118,spf,0.3264734683075945
593,118,evens,0.157984742388289
594,118,tinted,0.3698572520523791
595,119,spf,0.21360945804008075
596,119,nars,0.32416789495876513
597,119,shade,0.20078724386523794
598,119,dewy,0.1864202214845602
599,119,tinted,0.7230581920828136
600,120,purse,0.14701651225579443
601,120,perfume,0.7821278452008265
602,120,refill,0.3571056216871423
603,120,floral,0.2009871419206409
604,120,roller,0.16909603252278724
605,121,citrusy,0.24464198755288236
606,121,perfume,0.6443495036588477
607,121,di,0.24615480292026548
608,121,flowery,0.25488269656453433
609,121,roller,0.2632854228249035
610,122,feminine,0.20159456335936835
611,122,perfume,0.5335139115758847
612,122,vanilla,0.45780847401647784
613,122,sexy,0.3375475562968457
614,122,scents,0.27324674973138374
615,123,feminine,0.222475898952262
616,123,perfume,0.6186411701425593
617,123,perfumes,0.23679744151067877
618,123,floral,0.3576941713618466
619,123,roller,0.2782004471288982
620,124,ball,0.16330673785362632
621,124,perfume,0.1978589687182247
622,124,vanilla,0.7251695537967155
623,124,roller,0.3251060140499228
624,124,coconut,0.42789665496061396
625,125,caudalie,0.26867105157331383
626,125,mist,0.37541266165160186
627,125,refreshing,0.4394514431069823
628,125,toner,0.30836461101915985
629,125,spritz,0.2163254835552421
630,126,refresh,0.22888036050565294
631,126,purse,0.3064325309769558
632,126,refreshing,0.5597344055802336
633,126,mist,0.4434434000933636
634,126,spritz,0.18058667003567838
635,127,primers,0.2648460461547477
636,127,refreshing,0.25587847492488436
637,127,mist,0.21395397382806725
638,127,setting,0.6752158570159615
639,127,smashbox,0.27058884925314386
640,128,sprays,0.30719129669712575
641,128,decay,0.25993821862879074
642,128,mist,0.24765072151029502
643,128,setting,0.7243892524198305
644,128,urban,0.260853342037887
645,129,nozzle,0.17611336639684821
646,129,sunscreen,0.3903849979637127
647,129,mist,0.3421249029675058
648,129,spf,0.5494257521855291
649,129,setting,0.4563475603946754
650,130,primers,0.4914869937473292
651,130,foundations,0.14056025293473678
652,130,zone,0.2797826516484821
653,130,smoothing,0.31160488036346434
654,130,mattifying,0.5017536049080907
655,131,primers,0.2854310058942935
656,131,correcting,0.5043177494546943
657,131,correct,0.2633535923579599
658,131,green,0.48960945216672613
659,131,smashbox,0.3486676106356048
660,132,eyelids,0.3559043868602731
661,132,lemon,0.3937000282044266
662,132,aid,0.31154736079631035
663,132,shadow,0.29824844102653725
664,132,circles,0.3842118201313134
665,133,lids,0.31488771118399206
666,133,eyelids,0.2650720194254071
667,133,shadow,0.6010640147584451
668,133,eyeshadow,0.344599675810487
669,133,crease,0.1915302027759668
670,134,peach,0.23618445426278564
671,134,corrector,0.5203235150188301
672,134,creasing,0.13433559078586527
673,134,circles,0.7080646658980526
674,134,crease,0.15730195714152148
675,135,pigmented,0.16312521977997807
676,135,nars,0.25060322355575043
677,135,blush,0.8483742437582983
678,135,shade,0.22604655401448542
679,135,shimmer,0.2212581051802909
680,136,exposed,0.2744706059555449
681,136,pigmented,0.1618096321907843
682,136,blush,0.8880377530547712
683,136,shade,0.17892583323973335
684,136,tarte,0.15239017263363144
685,137,lip,0.36741344680344434
686,137,blush,0.24019692162082887
687,137,lips,0.6765289270972588
688,137,stain,0.45188349528073923
689,137,tint,0.20331781462586823
690,138,nars,0.2851994969069502
691,138,blush,0.7293762641233906
692,138,shade,0.200813040382075
693,138,lips,0.26102126812069976
694,138,highlighter,0.24456583486726352
695,139,duo,0.24285034942099099
696,139,nars,0.18279193812172212
697,139,blush,0.6016391100456081
698,139,colors,0.10949152244733108
699,139,bronzer,0.6944061866590877
700,140,shave,0.7617307099627297
701,140,shaving,0.5506975047049391
702,140,beard,0.27418959687715283
703,140,legs,0.1062983691894338
704,140,burn,0.058251190555771964
705,141,shaving,0.38563548693644917
706,141,shave,0.9030054324443372
707,141,beard,0.07773928139241086
708,141,men,0.047545226356639526
709,141,legs,0.060276238982722274
710,142,shaving,0.6882787394686448
711,142,shave,0.6656176539376067
712,142,legs,0.1832183097074785
713,142,jar,0.06162950382934357
714,142,unscented,0.1178629636928682
715,143,shaving,0.4572274982378305
716,143,shave,0.29275641052882
717,143,beard,0.1667862228522923
718,143,hairs,0.6832995369242397
719,143,bumps,0.28844109218304714
720,144,shave,0.782145681378456
721,144,shaving,0.5462966676465393
722,144,legs,0.146379719902048
723,144,lather,0.15419164191120993
724,144,beard,0.1101265620217916
725,145,curls,0.24200309728749675
726,145,frizz,0.27646095052038194
727,145,style,0.5286722430882307
728,145,blow,0.25129153436671425
729,145,styling,0.2619103741772039
730,146,wavy,0.19249850478702277
731,146,bumble,0.38352075434764954
732,146,frizzy,0.37650715822145847
733,146,curly,0.26646130075066427
734,146,frizz,0.49319941699178715
735,147,frizz,0.4066363165584184
736,147,blow,0.2309203479483743
737,147,frizzy,0.37034718362778685
738,147,conditioner,0.2485170872942215
739,147,curly,0.3086645889340165
740,148,curls,0.5744545373321461
741,148,frizz,0.4494773052484295
742,148,frizzy,0.23928789472019554
743,148,curly,0.4814921425895858
744,148,crunchy,0.19527430231121579
745,149,bumble,0.2763106342651014
746,149,blow,0.32017754189941855
747,149,styling,0.23816813697303313
748,149,frizzy,0.294664808454345
749,149,frizz,0.3543477159842688
750,150,removes,0.17911239804700915
751,150,cleansers,0.14838889272677458
752,150,purity,0.23536223467998052
753,150,clarisonic,0.11460301253157079
754,150,cleanser,0.8856623354710514
755,151,removes,0.1386497725947038
756,151,cleansers,0.1514367725367987
757,151,birthday,0.2079807604959758
758,151,cleanser,0.9152239082252068
759,151,mascara,0.08208776858843424
760,152,exfoliating,0.5319556649918916
761,152,philosophy,0.31308309788964944
762,152,purity,0.2794129705207719
763,152,cleanser,0.419470204968615
764,152,exfoliator,0.34162681749712664
765,153,removes,0.09851823109394696
766,153,cleansers,0.16656363335191252
767,153,cleans,0.07658596500631057
768,153,fab,0.10758666468320875
769,153,cleanser,0.9432339794552134
770,154,cleansing,0.39463007503844816
771,154,removes,0.32089715271242564
772,154,waterproof,0.2900381790511481
773,154,remover,0.36370283420645216
774,154,cleanser,0.4658448229075187
775,155,mia,0.7031999888656312
776,155,purely,0.36920202939094543
777,155,replacement,0.24589141008072826
778,155,deeper,0.22535825890056302
779,155,bristles,0.3557805360646671
780,156,radiance,0.18144324348748295
781,156,mia,0.23221989479312613
782,156,pore,0.2983473135648692
783,156,heads,0.2032986118981852
784,156,clarisonic,0.8086812506975357
785,157,bristles,0.37657477486423985
786,157,pore,0.2604049980110259
787,157,brushes,0.3747458873745118
788,157,heads,0.2767655214462736
789,157,delicate,0.344472385938071
790,158,mia,0.17743446560028003
791,158,pore,0.1867444301664959
792,158,brushes,0.35105984880796376
793,158,heads,0.4843042364757476
794,158,clarisonic,0.7103127984110732
795,159,cleansing,0.17605919710136933
796,159,charge,0.3172640278975048
797,159,heads,0.1614513914819569
798,159,clarisonic,0.8071278066466253
799,159,cleanser,0.15675421822773072
800,160,frizz,0.4066363165584184
801,160,blow,0.2309203479483743
802,160,frizzy,0.37034718362778685
803,160,conditioner,0.2485170872942215
804,160,curly,0.3086645889340165
805,161,pre,0.245578658262916
806,161,influenster,0.7911523815731862
807,161,conditioner,0.15551422773262813
808,161,shampoo,0.21467837682823632
809,161,testing,0.18762693295300242
810,162,frizz,0.5971321048952518
811,162,frizzy,0.3489404924122733
812,162,mist,0.34439396684245366
813,162,curly,0.1932563770238777
814,162,weigh,0.1978693495908979
815,163,wavy,0.22671619682828742
816,163,frizz,0.3905140174639453
817,163,blow,0.37387659072079177
818,163,volume,0.3243916069781901
819,163,styling,0.4299236889511325
820,164,damaged,0.19547415563835485
821,164,conditioner,0.6235049041831525
822,164,curly,0.20436204171524666
823,164,frizzy,0.24381432239206702
824,164,conditioning,0.3262497941757404
825,165,ysl,0.16621349760706713
826,165,cologne,0.8333378515923865
827,165,men,0.2132913351946053
828,165,sexy,0.25158786773144287
829,165,man,0.2157573342403827
830,166,influenster,0.5221345484428951
831,166,cologne,0.7345328612780172
832,166,man,0.1682288891509662
833,166,opinions,0.2159120553040764
834,166,blue,0.165825925305458
835,167,sweet,0.1785426507303631
836,167,cologne,0.5968235480846872
837,167,men,0.45339257553639944
838,167,sexy,0.2695659800116421
839,167,scents,0.2172563734514234
840,168,smoke,0.18328668293115358
841,168,perfume,0.4240728061395702
842,168,vanilla,0.6058019014558725
843,168,scents,0.2751135762154457
844,168,sweet,0.22402697595351806
845,169,cologne,0.7747428704249022
846,169,men,0.21695702421037485
847,169,sexy,0.20332712990750842
848,169,man,0.16531160350801408
849,169,blue,0.2576186629936899
850,170,pencil,0.5361480025038751
851,170,liner,0.2759498981992826
852,170,eyeliner,0.6736911526944621
853,170,smudge,0.17327476459026764
854,170,colors,0.1263133224127927
855,171,precise,0.11006434745942607
856,171,smudge,0.09387669188374208
857,171,eyeliner,0.6629935865068673
858,171,liners,0.12495139009953792
859,171,liner,0.692732637055604
860,172,stila,0.1774925442675583
861,172,smudge,0.13123257691931678
862,172,eyeliner,0.7616613356517337
863,172,waterproof,0.1735109965425461
864,172,liner,0.5364044735296368
865,173,pencil,0.12948303711066342
866,173,smudge,0.20357961266950764
867,173,eyeliner,0.8236441680416204
868,173,waterproof,0.23354078192987687
869,173,liner,0.3650791589952664
870,174,clumpy,0.1082002986531034
871,174,applicator,0.20088254200959754
872,174,twist,0.19127711837534622
873,174,eyeliner,0.7446787782587971
874,174,liner,0.5107657799188784
875,175,bristles,0.6050331937716831
876,175,brushes,0.2928178615826859
877,175,blending,0.2641380755782531
878,175,lock,0.28954012295331977
879,175,influenster,0.423146839777336
880,176,anastasia,0.2514123736370898
881,176,bristles,0.2337361833864225
882,176,eyebrow,0.23382925509171507
883,176,brow,0.632341054906842
884,176,brows,0.4561468308390348
885,177,bristles,0.18524940365190368
886,177,eyebrow,0.24375840160732698
887,177,brow,0.6244044750949751
888,177,brows,0.4902935979029607
889,177,anastasia,0.33883622661072965
890,178,bristles,0.20854137445914742
891,178,precise,0.16440015578847725
892,178,eyeliner,0.7537827094094613
893,178,bobbi,0.2758749933924424
894,178,liner,0.4840412945454202
895,179,mascara,0.32033378882230173
896,179,brushes,0.9025156657619576
897,179,shadow,0.12346942071675239
898,179,eyeshadow,0.09003610482623282
899,179,bristles,0.09873947281790352
900,180,butter,0.5972174310217641
901,180,purse,0.2692509547672688
902,180,lavender,0.3284597177086362
903,180,almond,0.3469226602978458
904,180,absorbs,0.2469168944233828
905,181,men,0.44938171662253124
906,181,cuticles,0.2840271602031329
907,181,cracked,0.3460839712101122
908,181,cracking,0.26054632794896443
909,181,lotions,0.2464519504445791
910,182,cracked,0.05580322870689502
911,182,foot,0.609620567942596
912,182,feet,0.7527324655711057
913,182,lavender,0.0932698795733047
914,182,heels,0.18233481850081965
915,183,foot,0.34462157348304123
916,183,feet,0.886706961836293
917,183,lavender,0.10439734550935029
918,183,almond,0.219850529835248
919,183,heels,0.08245983204216838
920,184,lotions,0.08780542666519402
921,184,cuticles,0.4091702808118733
922,184,nails,0.8158886608626554
923,184,absorbs,0.18254722715537705
924,184,nail,0.18421310283249298
925,185,clearing,0.1524254765624903
926,185,masks,0.3537741255111022
927,185,mud,0.2473944017534537
928,185,blackheads,0.4630243855873978
929,185,jar,0.18217993743839533
930,186,pimples,0.5377997831911513
931,186,zits,0.20100937977115374
932,186,blemishes,0.22248608774190676
933,186,pimple,0.47672018788629794
934,186,cystic,0.26055061798965484
935,187,glue,0.35497797433831946
936,187,murad,0.46830667246002844
937,187,spf,0.3928585852505669
938,187,zone,0.28595714909347486
939,187,mattifying,0.33092311138605357
940,188,cleansers,0.13147225107755003
941,188,cleared,0.1525057068440041
942,188,murad,0.3589089604181145
943,188,clarisonic,0.10836074489100504
944,188,cleanser,0.850874087329793
945,189,clearing,0.22036108418816103
946,189,clinique,0.5235616701022837
947,189,cleared,0.31590672008074494
948,189,toner,0.25755648833599365
949,189,solutions,0.26224623590562496
950,190,korres,0.29144017099180863
951,190,roses,0.2671499679242327
952,190,rose,0.6961611640444572
953,190,wild,0.17721813097043673
954,190,sleeping,0.21775118657142895
955,191,masks,0.34672340883587127
956,191,plump,0.2523218104096318
957,191,mud,0.18753062043197072
958,191,coconut,0.30047194779156117
959,191,jar,0.29460600201941695
960,192,ole,0.5263318902184729
961,192,henriksen,0.2631383714538885
962,192,scars,0.25912907559472215
963,192,transformation,0.28149686248555517
964,192,sheer,0.20577897179580878
965,193,drops,0.1780603266574511
966,193,sunday,0.358391578746548
967,193,retinol,0.3903626538274655
968,193,riley,0.4684100938719282
969,193,blue,0.3211318559710563
970,194,orange,0.23060152757173916
971,194,origins,0.5128391286696653
972,194,citrus,0.2760293175105748
973,194,mins,0.18026740908770747
974,194,absorbs,0.27831410999958656
975,195,highlight,0.21608202990702663
976,195,concealers,0.23386714932665212
977,195,highlighter,0.37531656620714193
978,195,circles,0.47288555638601226
979,195,highlighting,0.26416563688480305
980,196,radiance,0.31888308647606955
981,196,warmth,0.5088365380153361
982,196,bare,0.2761706440871389
983,196,blush,0.34113766774631415
984,196,bronzer,0.36552049480739235
985,197,highlight,0.32685567551881856
986,197,shade,0.1253842801757349
987,197,becca,0.26880257082828757
988,197,highlighter,0.7940544983071864
989,197,pearl,0.2750794590580378
990,198,nars,0.2851994969069502
991,198,blush,0.7293762641233906
992,198,shade,0.200813040382075
993,198,lips,0.26102126812069976
994,198,highlighter,0.24456583486726352
995,199,highlight,0.3072835419132013
996,199,cheekbones,0.25573337360094966
997,199,highlighter,0.7455464169001705
998,199,shimmer,0.21342948322203667
999,199,polish,0.15935854922547607
1000,200,covers,0.27837999709705424
1001,200,concealers,0.38940757362208506
1002,200,nars,0.24211101752859657
1003,200,circles,0.46527733011205574
1004,200,crease,0.296432822879894
1005,201,covers,0.14532036367327736
1006,201,erase,0.2355072878592563
1007,201,circles,0.796062554726566
1008,201,creases,0.1703381605747667
1009,201,paste,0.26816800724488693
1010,202,covers,0.28537654845719723
1011,202,concealers,0.28265050836795524
1012,202,blemishes,0.31391420330291697
1013,202,cakey,0.19651113125076802
1014,202,circles,0.6276780536558062
1015,203,covers,0.4202905491222838
1016,203,concealers,0.2610463843636189
1017,203,blemishes,0.2742948846903326
1018,203,shade,0.23290801959572435
1019,203,circles,0.48437329007394564
1020,204,covers,0.27097452172800734
1021,204,rested,0.5528600251965503
1022,204,bareminerals,0.2425643178537468
1023,204,circles,0.41560235726847883
1024,204,minerals,0.22234017946870965
1025,205,masks,0.6683822227426871
1026,205,honey,0.1981657480092085
1027,205,rose,0.3072769959021118
1028,205,pearl,0.3647298020812226
1029,205,sheet,0.3993923707509998
1030,206,masks,0.678565240217658
1031,206,pearl,0.25219518255687334
1032,206,tea,0.22704135778095688
1033,206,green,0.24686419250870512
1034,206,sheet,0.48960744679933316
1035,207,masks,0.3983044025344001
1036,207,slippery,0.269294863962372
1037,207,boscia,0.265522564165388
1038,207,slimy,0.5220063792717171
1039,207,sheet,0.3176574246293205
1040,208,masks,0.5234523142337435
1041,208,rose,0.3009366745736533
1042,208,pearl,0.3788527331819565
1043,208,circles,0.28963886023171315
1044,208,cooling,0.2030665740374072
1045,209,masks,0.4542780140755884
1046,209,plump,0.17631614213869157
1047,209,jart,0.30101557343978613
1048,209,dr,0.2130810470045811
1049,209,sheet,0.6890760896509087
1050,210,orange,0.12675428504431085
1051,210,nars,0.16118349729600825
1052,210,contour,0.1225182137228776
1053,210,shimmer,0.19745180369202336
1054,210,bronzer,0.9082493567560386
1055,211,milk,0.15079842671636448
1056,211,chocolate,0.5447179344714557
1057,211,shade,0.12323417787402681
1058,211,contouring,0.1247117559278736
1059,211,bronzer,0.767284247047718
1060,212,nars,0.2851994969069502
1061,212,blush,0.7293762641233906
1062,212,shade,0.200813040382075
1063,212,lips,0.26102126812069976
1064,212,highlighter,0.24456583486726352
1065,213,duo,0.24285034942099099
1066,213,nars,0.18279193812172212
1067,213,blush,0.6016391100456081
1068,213,colors,0.10949152244733108
1069,213,bronzer,0.6944061866590877
1070,214,orange,0.133176375654424
1071,214,bronze,0.10326976505588045
1072,214,contouring,0.13339591449866453
1073,214,contour,0.2169266104845984
1074,214,bronzer,0.9230452300987358
1075,215,proof,0.20152550151200366
1076,215,limp,0.20470461933947987
1077,215,blow,0.25893874748441187
1078,215,volume,0.6062362897684477
1079,215,living,0.19545769678811845
1080,216,wavy,0.426317806617973
1081,216,waves,0.5461919844189663
1082,216,volume,0.22476035554457927
1083,216,beach,0.23652877913605688
1084,216,beachy,0.22601047631129642
1085,217,shampoo,0.8571317550458531
1086,217,shampoos,0.3707682406428379
1087,217,scalp,0.12136569792824382
1088,217,volume,0.15266721794083482
1089,217,roots,0.12654894858139362
1090,218,root,0.3784699401990838
1091,218,gray,0.43797362943649937
1092,218,grey,0.19275422036447937
1093,218,roots,0.627484267550286
1094,218,covers,0.17202398794999665
1095,219,curls,0.24200309728749675
1096,219,frizz,0.27646095052038194
1097,219,style,0.5286722430882307
1098,219,blow,0.25129153436671425
1099,219,styling,0.2619103741772039
1100,220,sprays,0.2349717586755811
1101,220,nighter,0.1560661930881934
1102,220,decay,0.10793503960963584
1103,220,setting,0.8685329675670441
1104,220,urban,0.11212893893451875
1105,221,zone,0.14679165145404513
1106,221,primers,0.693085439874406
1107,221,photo,0.14738509289415827
1108,221,silicone,0.16632644441040195
1109,221,smashbox,0.34432604372623166
1110,222,primers,0.4789340713674348
1111,222,pore,0.34879993050227504
1112,222,zone,0.3054026812962215
1113,222,minimizes,0.22964075822262878
1114,222,minimizing,0.2331811604574165
1115,223,primers,0.6410964313993942
1116,223,hourglass,0.35069593877671557
1117,223,foundations,0.1595389078511022
1118,223,zone,0.1714820341012117
1119,223,pump,0.2152391509970209
1120,224,primers,0.45344985709228824
1121,224,bare,0.31403245050202866
1122,224,pump,0.303340530943302
1123,224,bareminerals,0.4668191135437468
1124,224,minerals,0.36476501268477307
1125,225,palette,0.846793080910456
1126,225,naked,0.2799307597760672
1127,225,shades,0.14745348885612716
1128,225,shadows,0.15311129954602573
1129,225,colors,0.29880537929965595
1130,226,palette,0.8292864298750765
1131,226,pigmented,0.16781347873761263
1132,226,naked,0.2469768523983494
1133,226,shades,0.19023639122371228
1134,226,colors,0.2916548176425939
1135,227,palette,0.8215716193782313
1136,227,naked,0.2122438171266877
1137,227,shades,0.1956703398305818
1138,227,shadows,0.15960735047926916
1139,227,colors,0.3185077219157798
1140,228,palette,0.877204667191183
1141,228,pigmented,0.14037651820687413
1142,228,shades,0.15567596765093125
1143,228,shadows,0.17100883904303169
1144,228,colors,0.2826918567930985
1145,229,palette,0.8811779785034192
1146,229,pigmented,0.22798443783786113
1147,229,fallout,0.11022705498513477
1148,229,shadows,0.20096639868634764
1149,229,colors,0.260989487754413
1150,230,sprays,0.2349717586755811
1151,230,nighter,0.1560661930881934
1152,230,decay,0.10793503960963584
1153,230,setting,0.8685329675670441
1154,230,urban,0.11212893893451875
1155,231,illuminating,0.23260023927064918
1156,231,veil,0.7058145559777692
1157,231,bareminerals,0.15620245599901167
1158,231,mineral,0.500870276742955
1159,231,setting,0.1520760671059012
1160,232,bake,0.1896525712424485
1161,232,powders,0.2595558690754232
1162,232,baking,0.23229612342985242
1163,232,setting,0.684269592545051
1164,232,translucent,0.3970273859468215
1165,233,radiance,0.31888308647606955
1166,233,warmth,0.5088365380153361
1167,233,bare,0.2761706440871389
1168,233,blush,0.34113766774631415
1169,233,bronzer,0.36552049480739235
1170,234,sprays,0.20789699872788428
1171,234,nighter,0.42740091838151456
1172,234,blot,0.17040811754251714
1173,234,setting,0.75293138395656
1174,234,zone,0.16229081052710753
1175,235,covers,0.27837999709705424
1176,235,concealers,0.38940757362208506
1177,235,nars,0.24211101752859657
1178,235,circles,0.46527733011205574
1179,235,crease,0.296432822879894
1180,236,covers,0.14532036367327736
1181,236,erase,0.2355072878592563
1182,236,circles,0.796062554726566
1183,236,creases,0.1703381605747667
1184,236,paste,0.26816800724488693
1185,237,covers,0.28537654845719723
1186,237,concealers,0.28265050836795524
1187,237,blemishes,0.31391420330291697
1188,237,cakey,0.19651113125076802
1189,237,circles,0.6276780536558062
1190,238,covers,0.4202905491222838
1191,238,concealers,0.2610463843636189
1192,238,blemishes,0.2742948846903326
1193,238,shade,0.23290801959572435
1194,238,circles,0.48437329007394564
1195,239,covers,0.27097452172800734
1196,239,rested,0.5528600251965503
1197,239,bareminerals,0.2425643178537468
1198,239,circles,0.41560235726847883
1199,239,minerals,0.22234017946870965
1200,240,absorbs,0.17401922689020388
1201,240,firming,0.2728230100860118
1202,240,glitter,0.3051110754843185
1203,240,shimmer,0.5885569459364672
1204,240,tightening,0.24465828209811163
1205,241,butter,0.5061954180251675
1206,241,vanilla,0.5730010098214982
1207,241,citrus,0.3260469896832142
1208,241,scents,0.21303052809159126
1209,241,sweet,0.19523062685296633
1210,242,chicken,0.18822274911179834
1211,242,bumps,0.4414376523340901
1212,242,arms,0.7339270352871345
1213,242,duty,0.23038241717022934
1214,242,scrub,0.2974469719762189
1215,243,floral,0.1670319372782318
1216,243,divine,0.5942576441675295
1217,243,caudalie,0.43350919921404024
1218,243,legs,0.15410624735740555
1219,243,absorbs,0.27249245641208464
1220,244,butter,0.40005267736208605
1221,244,perfume,0.08630542224065234
1222,244,vanilla,0.8630308687487981
1223,244,lavender,0.11525842454460143
1224,244,coconut,0.16539500137380922
1225,245,cleansing,0.17605919710136933
1226,245,charge,0.3172640278975048
1227,245,heads,0.1614513914819569
1228,245,clarisonic,0.8071278066466253
1229,245,cleanser,0.15675421822773072
1230,246,strips,0.1313629977185193
1231,246,coffee,0.0761973829363175
1232,246,teeth,0.9558790900369388
1233,246,sensitivity,0.17621103169844704
1234,246,smile,0.0545667633243323
1235,247,removal,0.22527055463887116
1236,247,legs,0.34441928582645404
1237,247,hairs,0.2646193382981582
1238,247,laser,0.5600071956781547
1239,247,growth,0.28400820465114374
1240,248,bristles,0.20511913059310824
1241,248,heads,0.29944123765030184
1242,248,clarisonic,0.7024322611563906
1243,248,cleanser,0.1992279804956588
1244,248,charge,0.30406336714900656
1245,249,peach,0.7119312356990389
1246,249,charge,0.2241220769424764
1247,249,exfoliating,0.15266372547218468
1248,249,tool,0.14813429555285873
1249,249,influenster,0.33302190375319285
1250,250,root,0.3784699401990838
1251,250,gray,0.43797362943649937
1252,250,grey,0.19275422036447937
1253,250,roots,0.627484267550286
1254,250,covers,0.17202398794999665
1255,251,frizz,0.4066363165584184
1256,251,blow,0.2309203479483743
1257,251,frizzy,0.37034718362778685
1258,251,conditioner,0.2485170872942215
1259,251,curly,0.3086645889340165
1260,252,frizz,0.5971321048952518
1261,252,frizzy,0.3489404924122733
1262,252,mist,0.34439396684245366
1263,252,curly,0.1932563770238777
1264,252,weigh,0.1978693495908979
1265,253,damaged,0.19547415563835485
1266,253,conditioner,0.6235049041831525
1267,253,curly,0.20436204171524666
1268,253,frizzy,0.24381432239206702
1269,253,conditioning,0.3262497941757404
1270,254,waves,0.4847504018532436
1271,254,wavy,0.4310299211218398
1272,254,curls,0.19428860267972614
1273,254,curly,0.21136073315779116
1274,254,wave,0.4686386667891591
1275,255,balm,0.12479167950499556
1276,255,lip,0.4211088666294328
1277,255,chapped,0.15760372980833193
1278,255,lipstick,0.08335893535293686
1279,255,lips,0.8574572982473375
1280,256,lip,0.4735568916947801
1281,256,mint,0.17218904496522658
1282,256,balm,0.4666599001103249
1283,256,lips,0.6752149227991878
1284,256,balms,0.16272277683675107
1285,257,tinted,0.3140274184888759
1286,257,radiant,0.31620995350617487
1287,257,shade,0.19588412509999406
1288,257,luminous,0.1774503336167513
1289,257,pump,0.4267690386188432
1290,258,moisturizers,0.23456099798606447
1291,258,sunscreen,0.15841409657337963
1292,258,boscia,0.5492197351276884
1293,258,spf,0.6243779948493025
1294,258,absorbs,0.27282521667067794
1295,259,blackheads,0.16436729956394822
1296,259,pad,0.16403551378482875
1297,259,cystic,0.10392590262748606
1298,259,ptr,0.17494052688817724
1299,259,pads,0.8598701280583756
1300,260,bags,0.1509384510134612
1301,260,puffy,0.14606538163658847
1302,260,puffiness,0.444597391930367
1303,260,circles,0.7621305146907937
1304,260,brightening,0.1742835481642594
1305,261,wrinkles,0.6075062802909209
1306,261,wrinkle,0.18604613234530265
1307,261,shiseido,0.3112252906625411
1308,261,circles,0.359124259065167
1309,261,jar,0.1557070698630786
1310,262,puffy,0.1765976197785289
1311,262,darkness,0.13267492036791154
1312,262,clinique,0.14566868947398376
1313,262,puffiness,0.544350292282765
1314,262,circles,0.7184823228252866
1315,263,wrinkles,0.14281563377969012
1316,263,clinique,0.19633228532587008
1317,263,puffiness,0.482308216312335
1318,263,circles,0.7575247929982553
1319,263,jar,0.1335080183848432
1320,264,bags,0.24039834996150872
1321,264,puffy,0.2899800483972742
1322,264,puffiness,0.6935930612826534
1323,264,circles,0.3112639354655198
1324,264,roller,0.28836501593027486
1325,265,lip,0.40014600967900216
1326,265,plumping,0.24976919826357222
1327,265,gloss,0.6198566875631807
1328,265,lips,0.4740420445967426
1329,265,tingle,0.17033136498446375
1330,266,nude,0.10994656980417336
1331,266,shade,0.09634804446233547
1332,266,gloss,0.7768609114534102
1333,266,lips,0.3677122655041186
1334,266,lip,0.4329001281850177
1335,267,lip,0.42287750540088603
1336,267,glossy,0.2927321581319511
1337,267,gloss,0.3775006964634889
1338,267,lips,0.4398372858090099
1339,267,stain,0.49948703905032205
1340,268,lip,0.4668941913498183
1341,268,plumping,0.2557790413066511
1342,268,gloss,0.5400594960158553
1343,268,lips,0.47917155985412857
1344,268,minty,0.1785085466658825
1345,269,lip,0.292615209945926
1346,269,lipstick,0.16902939815769355
1347,269,gloss,0.7617677303347867
1348,269,lips,0.3363862882772979
1349,269,honey,0.33587180704717956
1350,270,moisturizers,0.14777395209811975
1351,270,dog,0.14683964334507268
1352,270,philosophy,0.396692775466262
1353,270,absorbs,0.20052724445471684
1354,270,jar,0.7404367247538374
1355,271,josie,0.28252310471651987
1356,271,drops,0.4757472139689449
1357,271,cuticles,0.241363203620734
1358,271,argan,0.5570532787222242
1359,271,maran,0.22233750767673108
1360,272,moisturizers,0.24021920390353096
1361,272,repair,0.2578285051150771
1362,272,fab,0.20617169446999664
1363,272,absorbs,0.1939681158185462
1364,272,eczema,0.5416699059909152
1365,273,moisturizers,0.5141815519586627
1366,273,clinique,0.385636163968997
1367,273,absorbs,0.4299189900265267
1368,273,dramatically,0.16740211682473718
1369,273,zone,0.24067913671815155
1370,274,moisturizers,0.3483983952078794
1371,274,clinique,0.4251641433045308
1372,274,absorbs,0.34383409954091465
1373,274,surge,0.4894528198512357
1374,274,jar,0.290806825250993
