,index,word,dfidf
0,0,hourglass,0.4872234444124197
1,0,brushes,0.26852940027113587
2,0,dense,0.24777730253611657
3,0,bristles,0.457884511353139
4,0,vanish,0.5121983063363164
5,1,blending,0.2895971995472302
6,1,brushes,0.3241801021196763
7,1,lock,0.31606679150353717
8,1,bristles,0.675617113266062
9,1,dense,0.15826840632501987
10,2,lock,0.17841334195191114
11,2,fluffy,0.216478390470776
12,2,brushes,0.3240726509761862
13,2,bristles,0.4848852198069924
14,2,setting,0.622590245269579
15,3,clay,0.2082740533729665
16,3,airbrushed,0.23281941014163304
17,3,brushes,0.3845051007526604
18,3,tarte,0.31029607462832803
19,3,bristles,0.6445521015774067
20,4,foundations,0.21706595483273008
21,4,airbrushed,0.2999144460121919
22,4,brushes,0.5416293274369498
23,4,bristles,0.474857014847583
24,4,airbrush,0.28904340034200704
25,5,circles,0.34905421352399457
26,5,shiseido,0.31083843116620374
27,5,wrinkles,0.6088021080439103
28,5,jar,0.15442287373080318
29,5,wrinkle,0.1808292945010616
30,6,pad,0.14978357157044236
31,6,retinol,0.143326723874134
32,6,wrinkles,0.12258058738135631
33,6,philosophy,0.2885694862804034
34,6,pads,0.8492616192322876
35,7,scars,0.13856293869588715
36,7,retinol,0.7153785943261909
37,7,aging,0.12778182090286486
38,7,wrinkles,0.2243271891526551
39,7,philosophy,0.3810478640880953
40,8,aging,0.2286478694400972
41,8,wrinkles,0.15891506731365404
42,8,philosophy,0.5321618527448922
43,8,jar,0.6035532582277497
44,8,absorbs,0.20705960432812584
45,9,moisturizers,0.29110862163175105
46,9,rose,0.4132547263439798
47,9,absorbs,0.3309594638945387
48,9,jar,0.28241505965773855
49,9,roses,0.3223558566961354
50,10,chapped,0.15679834384210192
51,10,lipstick,0.08318894824746693
52,10,lips,0.8613191214564919
53,10,lip,0.4115077466363798
54,10,balm,0.1257169412386178
55,11,mint,0.17581898091599696
56,11,balms,0.16136695870055687
57,11,lips,0.6787775385294588
58,11,lip,0.4631158382523593
59,11,balm,0.4704814479604858
60,12,beachy,0.22637961460083048
61,12,beach,0.23915002015392187
62,12,wave,0.2250600584740967
63,12,wavy,0.42381145222509825
64,12,waves,0.5470840686186736
65,13,boscia,0.16903511734918958
66,13,cleansers,0.1154341877372458
67,13,warming,0.4318993084345559
68,13,cleanser,0.8120165970151293
69,13,sensation,0.15241622454645495
70,14,perfection,0.18656719058484386
71,14,redness,0.21483494673406262
72,14,pump,0.40577919089215425
73,14,tinted,0.295851060598653
74,14,radiant,0.30601136584991384
75,15,removes,0.20108839424349842
76,15,mascara,0.253020663904934
77,15,remover,0.8019064357931981
78,15,removing,0.13713490912533044
79,15,waterproof,0.35716899618586173
80,16,mascara,0.3421836958163184
81,16,waterproof,0.5483718541993644
82,16,cotton,0.1447605025875257
83,16,remover,0.6704191664396757
84,16,removes,0.17571093029214133
85,17,removes,0.3167552925593896
86,17,cleansing,0.40102032464643145
87,17,remover,0.3589589452653772
88,17,cleanser,0.47234771366346723
89,17,waterproof,0.2917862845996466
90,18,mascara,0.35962422520141507
91,18,waterproof,0.3578259542209014
92,18,remover,0.7315850664627754
93,18,removes,0.22540190610724223
94,18,eyeliner,0.1836434739656536
95,19,mascara,0.3740356491629906
96,19,waterproof,0.5028466251171503
97,19,remover,0.6367592935627432
98,19,removes,0.20175091526652633
99,19,eyeliner,0.1705381448630243
100,20,masks,0.34929186382350697
101,20,clearing,0.15416645149833794
102,20,mud,0.2422556428410373
103,20,blackheads,0.4585081587334471
104,20,jar,0.17909116256909047
105,21,heads,0.21783734600999974
106,21,pore,0.20622286991699268
107,21,peeled,0.1857474254502986
108,21,blackheads,0.48465048641619307
109,21,peel,0.5517524358231256
110,22,charcoal,0.4735241847624321
111,22,origins,0.19985424473371505
112,22,masks,0.34526242652042066
113,22,blackheads,0.5658090949059003
114,22,cleared,0.1407327382014628
115,23,masks,0.3285971166640029
116,23,tingle,0.3723544707355968
117,23,mud,0.2858406112005046
118,23,tingling,0.30256874011562496
119,23,sensation,0.25365314245384424
120,24,sleeping,0.20561821369066813
121,24,korres,0.2788354258156361
122,24,rose,0.6693093061092842
123,24,brighter,0.18853037796715302
124,24,roses,0.2508739675565781
125,25,colors,0.20158626687249115
126,25,lipsticks,0.39001365835775886
127,25,lipstick,0.5915108115627008
128,25,lips,0.4759870007275335
129,25,lip,0.20801766072757025
130,26,stain,0.3433270454595474
131,26,lipstick,0.3914479348240964
132,26,lips,0.4417357195043899
133,26,colors,0.28109070223014887
134,26,lip,0.4544051220127374
135,27,lipsticks,0.2310193865168068
136,27,lipstick,0.7636205275630209
137,27,nars,0.24488142911416366
138,27,lips,0.33976343926200603
139,27,lip,0.21509691070878742
140,28,lipstick,0.3125561312897357
141,28,lips,0.43269908629647735
142,28,nars,0.16725098454933124
143,28,pencil,0.5039028725862151
144,28,lip,0.5385941400046336
145,29,lipsticks,0.3501544246094286
146,29,lipstick,0.7033641189105587
147,29,lips,0.34379261847919446
148,29,lip,0.17293160369430405
149,29,bite,0.29579396699935284
150,30,firming,0.5266246696233834
151,30,perfume,0.29707036358469946
152,30,lotions,0.13304820155752922
153,30,philosophy,0.24126641743410554
154,30,grace,0.641506542549459
155,31,perfumes,0.1287215248331579
156,31,floral,0.25935888258718315
157,31,sweet,0.12925356337983226
158,31,flower,0.15602567339622528
159,31,perfume,0.8697098226893258
160,32,perfume,0.1744672642298316
161,32,lotions,0.12966906413457596
162,32,philosophy,0.2782161934717786
163,32,pure,0.3656565065071585
164,32,grace,0.7846943899099762
165,33,firming,0.6515744251266853
166,33,sweet,0.24646322409941632
167,33,perfume,0.2063861707112226
168,33,philosophy,0.4539531561504087
169,33,grace,0.2424907968833521
170,34,layering,0.35212693675167395
171,34,unscented,0.4849843114823181
172,34,faint,0.3504295952625432
173,34,expense,0.5294758364782007
174,34,scents,0.3590819152630425
175,35,drops,0.4691472885671971
176,35,maran,0.22049245902721815
177,35,josie,0.2800041928500464
178,35,argan,0.5541904852587284
179,35,cuticles,0.23307789054733238
180,36,bumble,0.3965624091021766
181,36,curly,0.2808599991921255
182,36,frizz,0.49737669423839104
183,36,wavy,0.19213920613609778
184,36,frizzy,0.3759095416801378
185,37,drops,0.4345377248248667
186,37,maran,0.20186090575918872
187,37,josie,0.27169784649585477
188,37,argan,0.5807111552650438
189,37,cuticles,0.17362055418328265
190,38,divine,0.592074271970304
191,38,legs,0.14751803788780005
192,38,caudalie,0.4175826680734888
193,38,absorbs,0.26953282649336
194,38,floral,0.17014265496310396
195,39,curly,0.19571394420666638
196,39,weigh,0.19778444549471438
197,39,mist,0.3483505891875959
198,39,frizz,0.5926659088921936
199,39,frizzy,0.3462716429415043
200,40,sweat,0.4136916359815433
201,40,lavender,0.20872320719378593
202,40,lemon,0.15781129342505495
203,40,vanilla,0.7236007536602821
204,40,odor,0.26731916469605194
205,41,lavender,0.32733073804519425
206,41,purse,0.26720635989164493
207,41,butter,0.5939183855002916
208,41,almond,0.34839288465242635
209,41,absorbs,0.24492676979341563
210,42,grace,0.641326028054656
211,42,bath,0.3587814788788159
212,42,feminine,0.192921013778536
213,42,philosophy,0.3110088325207304
214,42,shampoo,0.4427628999978452
215,43,firming,0.5266246696233834
216,43,perfume,0.29707036358469946
217,43,lotions,0.13304820155752922
218,43,philosophy,0.24126641743410554
219,43,grace,0.641506542549459
220,44,growth,0.2831652696802585
221,44,hairs,0.2690254277131157
222,44,removal,0.22860690446775253
223,44,legs,0.34975036645180585
224,44,laser,0.535593516131453
225,45,bareminerals,0.4600254782937945
226,45,foundations,0.3272967778346602
227,45,bare,0.3235861830477102
228,45,cakey,0.25927970053939675
229,45,minerals,0.39038706222536623
230,46,foundations,0.32342228689470104
231,46,shade,0.3243490912257466
232,46,setting,0.20281671636041593
233,46,cakey,0.5417875758844113
234,46,kvd,0.19812784091131208
235,47,foundations,0.2864457562828212
236,47,bareminerals,0.47142486642872483
237,47,shade,0.2301743378227628
238,47,bare,0.3546666886598785
239,47,minerals,0.42566050518289256
240,48,foundations,0.4371964960709405
241,48,shade,0.29599105419801414
242,48,mufe,0.19423873461228014
243,48,cakey,0.32306430854778695
244,48,mat,0.18830838051061327
245,49,foundations,0.34485141918297596
246,49,match,0.2175810954091612
247,49,shade,0.4326067881330504
248,49,cakey,0.37003002527610646
249,49,buildable,0.25867727588737083
250,50,vitamin,0.35921089299843245
251,50,henriksen,0.2400641559310636
252,50,scars,0.24596066898310232
253,50,brighter,0.26751160480063835
254,50,ole,0.3421881125497722
255,51,pore,0.49792654519517315
256,51,zone,0.20621888537250116
257,51,minimizing,0.21043372017944742
258,51,dr,0.24989133525995486
259,51,primers,0.44410965911349537
260,52,corrector,0.24924402912722785
261,52,marks,0.22713989081425404
262,52,scars,0.7293948476077903
263,52,scarring,0.15083469127172602
264,52,clinique,0.215951243509286
265,53,overnight,0.21242445361716294
266,53,pimple,0.4641053423385287
267,53,cystic,0.2548334153793726
268,53,pimples,0.5189465668901314
269,53,blemishes,0.21881396192436817
270,54,masks,0.3285971166640029
271,54,tingle,0.3723544707355968
272,54,mud,0.2858406112005046
273,54,tingling,0.30256874011562496
274,54,sensation,0.25365314245384424
275,55,mascara,0.6751942936520986
276,55,eyelashes,0.1404044871267768
277,55,lash,0.10308455441526874
278,55,volume,0.0962288854216763
279,55,lashes,0.669366072353627
280,56,mascara,0.7074606230986218
281,56,eyelashes,0.13632110194456223
282,56,volume,0.09862082971550924
283,56,clumpy,0.11558787615451535
284,56,lashes,0.6361131577322847
285,57,mascara,0.7091671047630348
286,57,eyelashes,0.13473765311398406
287,57,volume,0.14537166597297502
288,57,clump,0.09878174849119783
289,57,lashes,0.6259823171284042
290,58,mascara,0.6914074502465899
291,58,eyelashes,0.17198607302777547
292,58,volume,0.12949298585033547
293,58,lash,0.10079711607343078
294,58,lashes,0.6418428297819548
295,59,mascara,0.7114755740874176
296,59,eyelashes,0.1394153599565638
297,59,volume,0.130174430571258
298,59,clumpy,0.1379400547270466
299,59,lashes,0.622755752230381
300,60,lips,0.7092866674868508
301,60,rose,0.1411930552098916
302,60,lip,0.5170851255366966
303,60,sugar,0.15009526066907947
304,60,balm,0.2464898134283893
305,61,chapped,0.18450937757112013
306,61,cuticles,0.14322666230673806
307,61,lips,0.8211328557502088
308,61,lip,0.3158851952243878
309,61,balm,0.3377907352414321
310,62,korres,0.1484852307458512
311,62,lips,0.7110511799319837
312,62,butter,0.2332268880461288
313,62,lip,0.5031539187146347
314,62,balm,0.25545915362767935
315,63,lipstick,0.1546654021726525
316,63,lips,0.6534086565306059
317,63,balm,0.35410656649244976
318,63,lip,0.5331226189403725
319,63,coral,0.20590965276785522
320,64,chapped,0.15679834384210192
321,64,lipstick,0.08318894824746693
322,64,lips,0.8613191214564919
323,64,lip,0.4115077466363798
324,64,balm,0.1257169412386178
325,65,grow,0.20398498416955352
326,65,growth,0.17210669166834414
327,65,nails,0.820089901936304
328,65,growing,0.20513193969754934
329,65,vitamins,0.2953968770776395
330,66,curly,0.3122290949757446
331,66,frizzy,0.36709057157240865
332,66,conditioner,0.24660214008884163
333,66,blow,0.23278860697266113
334,66,frizz,0.40312925274514577
335,67,masque,0.24868067566246696
336,67,testing,0.31461474871644984
337,67,pre,0.4052008582800692
338,67,conditioner,0.24777104679331757
339,67,shampoo,0.35414039119108204
340,68,curly,0.19571394420666638
341,68,weigh,0.19778444549471438
342,68,mist,0.3483505891875959
343,68,frizz,0.5926659088921936
344,68,frizzy,0.3462716429415043
345,69,conditioning,0.3214788300409444
346,69,curly,0.20789076114256727
347,69,damaged,0.19626821572367797
348,69,frizzy,0.24303666236230456
349,69,conditioner,0.6221983496793818
350,70,refill,0.3467878419279368
351,70,floral,0.20453562927880245
352,70,roller,0.16857742315941374
353,70,duo,0.14721232797886621
354,70,perfume,0.7767912276306684
355,71,prominent,0.0
356,71,promise,0.0
357,71,promised,0.0
358,71,prolong,0.0
359,71,promises,0.0
360,72,sexy,0.34842749540006307
361,72,men,0.29275974865293
362,72,shirt,0.23630163489777384
363,72,roller,0.3703108511139302
364,72,perfume,0.2993618706369941
365,73,promises,0.0
366,73,classic,0.4819131714392385
367,73,eh,0.6292914357897135
368,73,promised,0.0
369,73,elegant,0.6097146742822381
370,74,delighted,0.3882197373841672
371,74,delightful,0.3793151683093116
372,74,purse,0.25289184823925376
373,74,receive,0.2461601261705972
374,74,perfume,0.7621393205796804
375,75,shadows,0.15281919657918053
376,75,colors,0.3047767933327786
377,75,palette,0.8451775843927508
378,75,naked,0.27766821753282045
379,75,shades,0.14864758230279554
380,76,pigmented,0.16882658125198238
381,76,colors,0.29570782896610964
382,76,palette,0.8282707114670803
383,76,naked,0.2428159725483744
384,76,shades,0.1929014797224765
385,77,shadows,0.15912175883125637
386,77,colors,0.32450355753846216
387,77,palette,0.8190720583278384
388,77,naked,0.21028902622202023
389,77,shades,0.1970306587207585
390,78,pigmented,0.1413563724427356
391,78,shadows,0.17054252751655463
392,78,colors,0.28810463757050225
393,78,palette,0.8748126817845819
394,78,shades,0.15680786368332927
395,79,pigmented,0.2296729503626065
396,79,shadows,0.20050319961458607
397,79,colors,0.2660992721212094
398,79,palette,0.8791469881270799
399,79,fallout,0.10901531050177815
400,80,sheer,0.2570238139445324
401,80,truth,0.4315415273305991
402,80,transformation,0.40898023852401105
403,80,vitamin,0.23774155796165272
404,80,ole,0.30152014832533064
405,81,henriksen,0.28061488118225597
406,81,ole,0.3915978461808334
407,81,vitamin,0.2901040442409345
408,81,brighter,0.23452398663452093
409,81,steps,0.38680539232124594
410,82,solutions,0.2604245043203208
411,82,clearing,0.22548792093389078
412,82,cleared,0.32217103172036504
413,82,toner,0.26045159863600537
414,82,clinique,0.521818541264523
415,83,laser,0.6087521998683173
416,83,mouth,0.23799287384356335
417,83,redness,0.20137976177146777
418,83,setting,0.20848265595306506
419,83,pain,0.28970572621829077
420,84,blow,0.6151397013184068
421,84,straw,0.2286207459692778
422,84,frizzy,0.2286207459692778
423,84,wavy,0.2286298638462323
424,84,frizz,0.2302879248134909
425,85,bumble,0.3965624091021766
426,85,curly,0.2808599991921255
427,85,frizz,0.49737669423839104
428,85,wavy,0.19213920613609778
429,85,frizzy,0.3759095416801378
430,86,curly,0.3122290949757446
431,86,frizzy,0.36709057157240865
432,86,conditioner,0.24660214008884163
433,86,blow,0.23278860697266113
434,86,frizz,0.40312925274514577
435,87,curly,0.4887092107996466
436,87,frizz,0.4471164800816718
437,87,crunchy,0.1925624097978768
438,87,frizzy,0.2379905271339941
439,87,curls,0.5714834638268502
440,88,styling,0.23183832777553603
441,88,blow,0.3248461134220168
442,88,frizzy,0.2939542516877272
443,88,bumble,0.29056358311506314
444,88,frizz,0.3361655752745273
445,89,curly,0.19571394420666638
446,89,weigh,0.19778444549471438
447,89,mist,0.3483505891875959
448,89,frizz,0.5926659088921936
449,89,frizzy,0.3462716429415043
450,90,moisturizers,0.14908314786516397
451,90,dog,0.14155855475565138
452,90,jar,0.7353703695042951
453,90,philosophy,0.40389103969335793
454,90,absorbs,0.20042386834036602
455,91,drops,0.4691472885671971
456,91,maran,0.22049245902721815
457,91,josie,0.2800041928500464
458,91,argan,0.5541904852587284
459,91,cuticles,0.23307789054733238
460,92,fab,0.1923948648820733
461,92,eczema,0.5018892954046146
462,92,moisturizers,0.22836216616318045
463,92,repair,0.2453351237503174
464,92,redness,0.19816442287350017
465,93,moisturizers,0.5118606128783401
466,93,zone,0.23217478462171942
467,93,pump,0.16425754791202968
468,93,absorbs,0.42400134928059685
469,93,clinique,0.37872369105225895
470,94,surge,0.47550937395536585
471,94,absorbs,0.34301272205065503
472,94,moisturizers,0.3508262168511646
473,94,jar,0.28827567606747523
474,94,clinique,0.42235926219518655
475,95,vitamin,0.35921089299843245
476,95,henriksen,0.2400641559310636
477,95,scars,0.24596066898310232
478,95,brighter,0.26751160480063835
479,95,ole,0.3421881125497722
480,96,wild,0.19114593928600523
481,96,korres,0.634489714076896
482,96,brightening,0.37053739580661094
483,96,rose,0.3994660021972191
484,96,moisturizers,0.1805657828908835
485,97,sleeping,0.20561821369066813
486,97,korres,0.2788354258156361
487,97,rose,0.6693093061092842
488,97,brighter,0.18853037796715302
489,97,roses,0.2508739675565781
490,98,sunday,0.4113919018829468
491,98,acid,0.28943133965247214
492,98,riley,0.4591418826392337
493,98,scars,0.24706384979275503
494,98,brighter,0.16499825612782223
495,99,lightened,0.23714331130206812
496,99,murad,0.38055071217798514
497,99,lightening,0.29272088077619235
498,99,scars,0.4067932867460815
499,99,freckles,0.2705364501372608
500,100,proof,0.2052725855106592
501,100,volume,0.5998328191011904
502,100,blow,0.26161176299045724
503,100,living,0.19988420828171397
504,100,limp,0.20649363031811796
505,101,beachy,0.22637961460083048
506,101,beach,0.23915002015392187
507,101,wave,0.2250600584740967
508,101,wavy,0.42381145222509825
509,101,waves,0.5470840686186736
510,102,roots,0.1197349160346609
511,102,volume,0.1476988579479646
512,102,scalp,0.11874407521096206
513,102,shampoos,0.3627592689225867
514,102,shampoo,0.8629758884609668
515,103,style,0.5400274227301453
516,103,blow,0.2522006071825579
517,103,curls,0.2388707217250967
518,103,frizz,0.2728605179029949
519,103,styling,0.2584994380133636
520,104,bumble,0.3965624091021766
521,104,curly,0.2808599991921255
522,104,frizz,0.49737669423839104
523,104,wavy,0.19213920613609778
524,104,frizzy,0.3759095416801378
525,105,frizzy,0.18417506393478605
526,105,shampoo,0.68319474529186
527,105,curly,0.12474478541712838
528,105,frizz,0.48952948367740085
529,105,conditioner,0.4027921788072545
530,106,proof,0.1354345538418941
531,106,volume,0.2410232792629662
532,106,conditioner,0.33309689705308576
533,106,living,0.1282497066902817
534,106,shampoo,0.8537770302899989
535,107,shampoos,0.09666934571209974
536,107,volume,0.2536130534853087
537,107,conditioner,0.4054077266993664
538,107,bumble,0.22714654909277987
539,107,shampoo,0.8144300661015037
540,108,shampoos,0.10039899807387694
541,108,scalp,0.08587298157994822
542,108,alterna,0.11717820722269034
543,108,conditioner,0.4650547194097246
544,108,shampoo,0.8368395767011768
545,109,proof,0.10669168412614626
546,109,scalp,0.11593350462893452
547,109,styling,0.1233985432015456
548,109,conditioner,0.40500509662790374
549,109,shampoo,0.8523890304207251
550,110,drops,0.4691472885671971
551,110,maran,0.22049245902721815
552,110,josie,0.2800041928500464
553,110,argan,0.5541904852587284
554,110,cuticles,0.23307789054733238
555,111,argan,0.17252372281557513
556,111,cleansing,0.4440376555782522
557,111,josie,0.1905161487141233
558,111,cleanser,0.7194709326632486
559,111,waterproof,0.14534156182868102
560,112,drops,0.4801034588492391
561,112,maracuja,0.2588432116568661
562,112,absorbs,0.14299119376870684
563,112,ipsy,0.47933928084604827
564,112,tarte,0.2229684851141328
565,113,drops,0.7638259051469508
566,113,argan,0.11809690660164911
567,113,absorbs,0.1979168110467553
568,113,josie,0.192624982971222
569,113,maran,0.16398347557581783
570,114,drops,0.4345377248248667
571,114,maran,0.20186090575918872
572,114,josie,0.27169784649585477
573,114,argan,0.5807111552650438
574,114,cuticles,0.17362055418328265
575,115,sheer,0.2703861166177621
576,115,spf,0.26698698177641345
577,115,mercier,0.19372808816637646
578,115,tinted,0.7103948967011785
579,115,laura,0.19741173680555796
580,116,sheer,0.1575893732984194
581,116,spf,0.2174950044668045
582,116,mercier,0.2270225948136913
583,116,laura,0.25077433372863195
584,116,tinted,0.7634781426765094
585,117,spf,0.18939112384241738
586,117,bb,0.8881056895960329
587,117,cakey,0.12022522664530774
588,117,smashbox,0.14382920443693653
589,117,shade,0.12777894077105562
590,118,shade,0.17766434986413973
591,118,spf,0.17852893248430476
592,118,bb,0.8356415397624017
593,118,tarte,0.22406867753424534
594,118,tinted,0.2010696574661215
595,119,spf,0.21392042414929266
596,119,shade,0.1991499666202979
597,119,nars,0.31351553165148505
598,119,tinted,0.7198743644601211
599,119,dewy,0.187328792703105
600,120,refill,0.3467878419279368
601,120,floral,0.20453562927880245
602,120,roller,0.16857742315941374
603,120,duo,0.14721232797886621
604,120,perfume,0.7767912276306684
605,121,flowery,0.253104616933455
606,121,di,0.24157516732571666
607,121,citrusy,0.24643357098920296
608,121,roller,0.26144872518400847
609,121,perfume,0.6374436275834218
610,122,sexy,0.33161108650332216
611,122,scents,0.27468371532854496
612,122,vanilla,0.4545638668390548
613,122,feminine,0.20698828538441713
614,122,perfume,0.5324613914615247
615,123,perfumes,0.24796001609555107
616,123,floral,0.36240407556788873
617,123,roller,0.2867442684701694
618,123,feminine,0.22631566956395321
619,123,perfume,0.6117104448883812
620,124,beachy,0.26296446918441846
621,124,sunscreen,0.190937149273793
622,124,beach,0.7288193167203985
623,124,coconut,0.19964606571799837
624,124,perfume,0.2511450427367841
625,125,spritz,0.21581388059848344
626,125,caudalie,0.2616016589521308
627,125,refreshing,0.4491654234672431
628,125,toner,0.31150438466689234
629,125,mist,0.3698928542325327
630,126,spritz,0.17846236854642666
631,126,purse,0.30364132891717815
632,126,refresh,0.2270627907175539
633,126,refreshing,0.5667175956171014
634,126,mist,0.4328072159971906
635,127,primers,0.2636957934547581
636,127,setting,0.6658055075842128
637,127,refreshing,0.2660255432511807
638,127,smashbox,0.2679931400585645
639,127,mist,0.21442802503113137
640,128,urban,0.2600685152999399
641,128,mist,0.24984943833001927
642,128,sprays,0.3118751020274203
643,128,setting,0.7190421347550062
644,128,decay,0.2591561452131295
645,129,nozzle,0.1709187472046247
646,129,spf,0.553639929473675
647,129,sunscreen,0.3913987867034842
648,129,setting,0.44908666288232496
649,129,mist,0.3421964891312836
650,130,zone,0.2631090760346065
651,130,mattifying,0.4793214040178637
652,130,smoothing,0.2968824057762416
653,130,redness,0.3092593692081189
654,130,primers,0.4626088878900855
655,131,primers,0.14694864758375067
656,131,green,0.2532377851123479
657,131,redness,0.855939015266224
658,131,smashbox,0.17855833376801258
659,131,correcting,0.2601038947921197
660,132,circles,0.37459757784783715
661,132,shadow,0.29078528496924
662,132,lemon,0.3961729898224948
663,132,eyelids,0.34338111302718405
664,132,aid,0.31238417384709705
665,133,shadow,0.5996799704323134
666,133,lids,0.3159665367281968
667,133,crease,0.19108917439308906
668,133,eyeshadow,0.3438061809174614
669,133,eyelids,0.2617046997920247
670,134,peach,0.23315657760494668
671,134,circles,0.7087830773934182
672,134,crease,0.1574615577256159
673,134,corrector,0.5171776969638547
674,134,creasing,0.13622308561877156
675,135,shade,0.22649160517249256
676,135,pigmented,0.16345372900194777
677,135,nars,0.24484194021038846
678,135,shimmer,0.2208663626258764
679,135,blush,0.8503719296681693
680,136,pigmented,0.16162355846837145
681,136,exposed,0.27849211310491245
682,136,shade,0.17871205049969158
683,136,tarte,0.15006762436808052
684,136,blush,0.8873183045817206
685,137,stain,0.4523240111971313
686,137,tint,0.1965928336417056
687,137,lips,0.6695268595583107
688,137,lip,0.35372741649162337
689,137,blush,0.23459253764737778
690,138,shade,0.20079709028517254
691,138,lips,0.26457176728439763
692,138,nars,0.27807324124393945
693,138,highlighter,0.24366918830515705
694,138,blush,0.7295992043393669
695,139,colors,0.11011975160219427
696,139,nars,0.17711330076854023
697,139,bronzer,0.6962441000807232
698,139,duo,0.25142797271221556
699,139,blush,0.5980706373755633
700,140,shaving,0.5488012225102141
701,140,legs,0.10613748804772734
702,140,beard,0.2811302817534083
703,140,burn,0.05928811122846605
704,140,shave,0.7589083246630884
705,141,fool,0.24204080493706207
706,141,tools,0.6628196939583042
707,141,forth,0.23844681798280903
708,141,basic,0.3198298102433739
709,141,sturdy,0.24772280567566213
710,142,shaving,0.7246527787710599
711,142,pre,0.09084833222784235
712,142,unscented,0.145205781764004
713,142,irritation,0.06745762505528574
714,142,shave,0.6233817731322626
715,143,prominent,0.0
716,143,promise,0.0
717,143,promised,0.0
718,143,prolong,0.0
719,143,promises,0.0
720,144,shaving,0.7100880177653317
721,144,guy,0.14161263862857434
722,144,pre,0.10520826255809833
723,144,men,0.10841208081224463
724,144,shave,0.5906589836247269
725,145,style,0.5400274227301453
726,145,blow,0.2522006071825579
727,145,curls,0.2388707217250967
728,145,frizz,0.2728605179029949
729,145,styling,0.2584994380133636
730,146,bumble,0.3965624091021766
731,146,curly,0.2808599991921255
732,146,frizz,0.49737669423839104
733,146,wavy,0.19213920613609778
734,146,frizzy,0.3759095416801378
735,147,curly,0.3122290949757446
736,147,frizzy,0.36709057157240865
737,147,conditioner,0.24660214008884163
738,147,blow,0.23278860697266113
739,147,frizz,0.40312925274514577
740,148,curly,0.4887092107996466
741,148,frizz,0.4471164800816718
742,148,crunchy,0.1925624097978768
743,148,frizzy,0.2379905271339941
744,148,curls,0.5714834638268502
745,149,styling,0.23183832777553603
746,149,blow,0.3248461134220168
747,149,frizzy,0.2939542516877272
748,149,bumble,0.29056358311506314
749,149,frizz,0.3361655752745273
750,150,removes,0.17488810643440908
751,150,clarisonic,0.11545935943611278
752,150,purity,0.23432889367465967
753,150,cleanser,0.8883115944009504
754,150,cleansers,0.1489116098368887
755,151,removes,0.13518414297386
756,151,mascara,0.07933131756261702
757,151,birthday,0.2093103730521893
758,151,cleanser,0.9166350819871739
759,151,cleansers,0.15175061967215792
760,152,exfoliating,0.5346764237368565
761,152,purity,0.28094899052795724
762,152,exfoliator,0.3486673561047101
763,152,philosophy,0.31727957288094955
764,152,cleanser,0.4249033188657228
765,153,removes,0.09592045833065187
766,153,cleans,0.0770767023210284
767,153,fab,0.10470751204908013
768,153,cleanser,0.9433581484944945
769,153,cleansers,0.16667381000206027
770,154,removes,0.3167552925593896
771,154,cleansing,0.40102032464643145
772,154,remover,0.3589589452653772
773,154,cleanser,0.47234771366346723
774,154,waterproof,0.2917862845996466
775,155,growth,0.2831652696802585
776,155,hairs,0.2690254277131157
777,155,removal,0.22860690446775253
778,155,legs,0.34975036645180585
779,155,laser,0.535593516131453
780,156,growth,0.2217096684290544
781,156,laser,0.3819109464781924
782,156,arms,0.2360481248317545
783,156,legs,0.5320392751477907
784,156,reduction,0.2966630431315826
785,157,deeper,0.24152854312135516
786,157,delicate,0.23179554342906009
787,157,replacement,0.2597532376152329
788,157,bristles,0.38072652965129516
789,157,mia,0.7605113844145157
790,158,painful,0.26137402047276287
791,158,warming,0.21902523428288032
792,158,directions,0.19822558869234705
793,158,setting,0.37225304289275235
794,158,level,0.43239664135148725
795,159,heads,0.1999260749730736
796,159,clarisonic,0.8140441710720124
797,159,delicate,0.18024761594264552
798,159,mia,0.23139013379038204
799,159,pore,0.2918779754890032
800,160,curly,0.3122290949757446
801,160,frizzy,0.36709057157240865
802,160,conditioner,0.24660214008884163
803,160,blow,0.23278860697266113
804,160,frizz,0.40312925274514577
805,161,masque,0.24868067566246696
806,161,testing,0.31461474871644984
807,161,pre,0.4052008582800692
808,161,conditioner,0.24777104679331757
809,161,shampoo,0.35414039119108204
810,162,curly,0.19571394420666638
811,162,weigh,0.19778444549471438
812,162,mist,0.3483505891875959
813,162,frizz,0.5926659088921936
814,162,frizzy,0.3462716429415043
815,163,volume,0.32089134404895464
816,163,blow,0.3776492248367595
817,163,frizz,0.38791411610895354
818,163,wavy,0.22510547419532287
819,163,styling,0.42706141223004057
820,164,conditioning,0.3214788300409444
821,164,curly,0.20789076114256727
822,164,damaged,0.19626821572367797
823,164,frizzy,0.24303666236230456
824,164,conditioner,0.6221983496793818
825,165,sexy,0.2452697275689558
826,165,men,0.2183166030842547
827,165,cologne,0.8361287301206789
828,165,ysl,0.16085962510417548
829,165,man,0.2134764385598069
830,166,overpowering,0.11058910199400984
831,166,cologne,0.864907549516581
832,166,opinions,0.24545872292390536
833,166,blue,0.1947287279037055
834,166,man,0.19534008785714832
835,167,sexy,0.7584926599456359
836,167,promise,0.0
837,167,promises,0.0
838,167,pronounced,0.0
839,167,perfume,0.6516815823763887
840,168,sexy,0.2622900000825361
841,168,men,0.463180591809019
842,168,sweet,0.17896257961628345
843,168,cologne,0.5976685244239051
844,168,scents,0.21630821417476706
845,169,flowers,0.3207847528530129
846,169,notes,0.2774593379578379
847,169,remarkable,0.2866388719809395
848,169,realistic,0.2994632536546437
849,169,fragrant,0.27529202455039414
850,170,eyeliner,0.6772786906366761
851,170,colors,0.1281911587991269
852,170,smudge,0.1742750508134044
853,170,liner,0.2725309054318247
854,170,pencil,0.5324401449662755
855,171,liners,0.12459956904189785
856,171,eyeliner,0.667266147721254
857,171,smudge,0.09480844533580743
858,171,liner,0.6888160975465493
859,171,precise,0.10975444330309142
860,172,waterproof,0.1787078549250873
861,172,smudge,0.13195611214091874
862,172,liner,0.5296218158390554
863,172,stila,0.17621958311629166
864,172,eyeliner,0.7655198059152288
865,173,eyeliner,0.8249020457792408
866,173,smudge,0.203981306792905
867,173,liner,0.3591937305230524
868,173,pencil,0.12810177978672133
869,173,waterproof,0.23968872170387903
870,174,twist,0.19388323327136014
871,174,eyeliner,0.7489216278367298
872,174,clumpy,0.10813851038692074
873,174,liner,0.5046242782632996
874,174,applicator,0.20061251984274428
875,175,blending,0.2895971995472302
876,175,brushes,0.3241801021196763
877,175,lock,0.31606679150353717
878,175,bristles,0.675617113266062
879,175,dense,0.15826840632501987
880,176,brow,0.6324985805495006
881,176,brows,0.45102718324748453
882,176,anastasia,0.25002864311715195
883,176,eyebrow,0.2343730532808126
884,176,bristles,0.23910978511704348
885,177,anastasia,0.33720482255792744
886,177,brow,0.6249927903436139
887,177,eyebrow,0.24449458777547636
888,177,bristles,0.1896396059436462
889,177,brows,0.4851266163380945
890,178,eyeliner,0.7567020125960942
891,178,bobbi,0.2715710837590477
892,178,liner,0.4773534711889616
893,178,bristles,0.21272511533597943
894,178,precise,0.16302735247971728
895,179,mascara,0.31746394709062625
896,179,shadow,0.1212831728435903
897,179,brushes,0.9041313406792524
898,179,bristles,0.09977005890253116
899,179,eyeshadow,0.0884418538648088
900,180,lavender,0.32733073804519425
901,180,purse,0.26720635989164493
902,180,butter,0.5939183855002916
903,180,almond,0.34839288465242635
904,180,absorbs,0.24492676979341563
905,181,cracking,0.25631663902776114
906,181,cracked,0.3393008855222028
907,181,lotions,0.24954032632322082
908,181,men,0.46515840249366763
909,181,cuticles,0.2756379036019097
910,182,cracked,0.05626013359179668
911,182,feet,0.7556863704509894
912,182,foot,0.6034163802471295
913,182,heels,0.1868036754001894
914,182,lavender,0.09602640427658495
915,183,nail,0.18600445142231148
916,183,nails,0.8074820115316016
917,183,lotions,0.09133553780126455
918,183,absorbs,0.18688622663183338
919,183,cuticles,0.407937004348489
920,184,foot,0.2723798049679175
921,184,feet,0.6738200349090475
922,184,charge,0.2919901601960031
923,184,tools,0.23906837434782943
924,184,metal,0.268048862978516
925,185,masks,0.34969148954567353
926,185,clearing,0.15434283373306704
927,185,mud,0.24253280814674907
928,185,blackheads,0.459032739100271
929,185,jar,0.17929606123003233
930,186,overnight,0.21242445361716294
931,186,pimple,0.4641053423385287
932,186,cystic,0.2548334153793726
933,186,pimples,0.5189465668901314
934,186,blemishes,0.21881396192436817
935,187,spf,0.39473548347510773
936,187,zone,0.28307725219155216
937,187,murad,0.46817673075898925
938,187,mattifying,0.3327762974878208
939,187,glue,0.3540000575783312
940,188,clarisonic,0.10940595149244282
941,188,cleared,0.15339767899928045
942,188,murad,0.3499841576422753
943,188,cleanser,0.855260290835544
944,188,cleansers,0.13221998984580713
945,189,clarisonic,0.7651765097837973
946,189,cleansing,0.10048411884005028
947,189,blackheads,0.11130577832155802
948,189,cleanser,0.21753111814853238
949,189,mia,0.4584882595655765
950,190,sleeping,0.20561821369066813
951,190,korres,0.2788354258156361
952,190,rose,0.6693093061092842
953,190,brighter,0.18853037796715302
954,190,roses,0.2508739675565781
955,191,masks,0.27368894229799673
956,191,jar,0.2315404545389373
957,191,hydration,0.288668029106983
958,191,coconut,0.23481707219281864
959,191,overnight,0.528877428785748
960,192,scars,0.2547786343363125
961,192,henriksen,0.2620794402367985
962,192,transformation,0.27046562610493763
963,192,sheer,0.19953498182382798
964,192,ole,0.5239318562570657
965,193,sunday,0.3464129508879381
966,193,retinol,0.37165905284068906
967,193,riley,0.4461253926636893
968,193,blue,0.31252368050603463
969,193,redness,0.2011205445711037
970,194,citrus,0.2693772716018685
971,194,origins,0.4908807550207538
972,194,mins,0.17221763837886653
973,194,absorbs,0.2703050537908487
974,194,orange,0.2222407915312149
975,195,circles,0.46815932448655423
976,195,concealers,0.23327939530282382
977,195,highlight,0.21392240847462113
978,195,highlighter,0.373819517829377
979,195,highlighting,0.2633618955995323
980,196,radiance,0.3221125098637702
981,196,bare,0.2724317556766789
982,196,warmth,0.5095133443637702
983,196,bronzer,0.3673482553487503
984,196,blush,0.33991035795120905
985,197,pigmented,0.11008659484684112
986,197,becca,0.27812115330139037
987,197,highlight,0.3381867857821558
988,197,highlighter,0.8265659756054126
989,197,shade,0.13098783956351104
990,198,shade,0.20079709028517254
991,198,lips,0.26457176728439763
992,198,nars,0.27807324124393945
993,198,highlighter,0.24366918830515705
994,198,blush,0.7295992043393669
995,199,polish,0.1623951953105562
996,199,highlight,0.303906386678504
997,199,shimmer,0.2123334398587871
998,199,highlighter,0.7418256135263042
999,199,cheekbones,0.2529227730202417
1000,200,circles,0.4587628968834794
1001,200,concealers,0.391462312864632
1002,200,crease,0.29576196509286923
1003,200,covers,0.2803168634283825
1004,200,cakey,0.24202248865983764
1005,201,circles,0.7919720270343429
1006,201,paste,0.27561658761151214
1007,201,covers,0.14590974149547162
1008,201,erase,0.2359812036170296
1009,201,creases,0.17033065996533875
1010,202,circles,0.6196402111222589
1011,202,concealers,0.28113955333193735
1012,202,covers,0.28432568612071524
1013,202,blemishes,0.3231860909133557
1014,202,cakey,0.19492571729814173
1015,203,circles,0.47728861418451063
1016,203,concealers,0.25917201210100804
1017,203,covers,0.4179705451469272
1018,203,shade,0.2317248526889525
1019,203,blemishes,0.28187570306081877
1020,204,circles,0.40841075252750475
1021,204,bareminerals,0.24210865709935828
1022,204,covers,0.26874648300953213
1023,204,minerals,0.21974736666818642
1024,204,rested,0.5527993956771713
1025,205,masks,0.7131170170551219
1026,205,honey,0.2133409709277101
1027,205,rose,0.327520588060786
1028,205,green,0.18459771100325556
1029,205,sheet,0.4272709902446566
1030,206,masks,0.6964809632464785
1031,206,green,0.2497134777820747
1032,206,rose,0.22703742969166618
1033,206,sheet,0.5038872725582398
1034,206,tea,0.23549573103086574
1035,207,masks,0.39578308504972143
1036,207,slimy,0.5287990259841716
1037,207,slippery,0.2596098585167465
1038,207,sheet,0.31649646663229725
1039,207,boscia,0.26982461339775493
1040,208,circles,0.30609891584029525
1041,208,masks,0.5669255608529662
1042,208,green,0.20990897260949232
1043,208,rose,0.32560920858729503
1044,208,cooling,0.21594269814100397
1045,209,masks,0.5967535142763951
1046,209,makeupi,0.15887932926690349
1047,209,essence,0.15417542734997813
1048,209,bumps,0.1722642073684019
1049,209,tightens,0.15569411994385096
1050,210,contour,0.12059235964609863
1051,210,nars,0.15619672955590094
1052,210,shimmer,0.1954986208101795
1053,210,bronzer,0.9107732529553921
1054,210,orange,0.12712690561227913
1055,211,shade,0.20079709028517254
1056,211,lips,0.26457176728439763
1057,211,nars,0.27807324124393945
1058,211,highlighter,0.24366918830515705
1059,211,blush,0.7295992043393669
1060,212,contouring,0.12252783379466352
1061,212,chocolate,0.5448797490907463
1062,212,shade,0.12224914155419958
1063,212,milk,0.153103218719948
1064,212,bronzer,0.7680149528368979
1065,213,colors,0.11011975160219427
1066,213,nars,0.17711330076854023
1067,213,bronzer,0.6962441000807232
1068,213,duo,0.25142797271221556
1069,213,blush,0.5980706373755633
1070,214,contouring,0.13119265484022186
1071,214,contour,0.2133436997821255
1072,214,bronze,0.10156408982482416
1073,214,bronzer,0.9248600209681362
1074,214,orange,0.1334596165292045
1075,215,proof,0.2052725855106592
1076,215,volume,0.5998328191011904
1077,215,blow,0.26161176299045724
1078,215,living,0.19988420828171397
1079,215,limp,0.20649363031811796
1080,216,beachy,0.22637961460083048
1081,216,beach,0.23915002015392187
1082,216,wave,0.2250600584740967
1083,216,wavy,0.42381145222509825
1084,216,waves,0.5470840686186736
1085,217,roots,0.1197349160346609
1086,217,volume,0.1476988579479646
1087,217,scalp,0.11874407521096206
1088,217,shampoos,0.3627592689225867
1089,217,shampoo,0.8629758884609668
1090,218,roots,0.615300062327214
1091,218,root,0.36573729553570505
1092,218,gray,0.45143269872476033
1093,218,covers,0.17604431857760852
1094,218,grey,0.19774670264809818
1095,219,style,0.5400274227301453
1096,219,blow,0.2522006071825579
1097,219,curls,0.2388707217250967
1098,219,frizz,0.2728605179029949
1099,219,styling,0.2584994380133636
1100,220,urban,0.11186983414807622
1101,220,nighter,0.15570555917855985
1102,220,setting,0.8627253483171082
1103,220,sprays,0.2387214116532971
1104,220,decay,0.1076856259823112
1105,221,photo,0.144769084299452
1106,221,smashbox,0.34039891914681764
1107,221,zone,0.14575675380791553
1108,221,silicone,0.17019945957340882
1109,221,primers,0.6888124713462034
1110,222,pore,0.3516022197840255
1111,222,zone,0.3029417434209888
1112,222,minimizing,0.23501374341233192
1113,222,primers,0.4754982291967586
1114,222,minimizes,0.22941290170747752
1115,223,foundations,0.15670992362573252
1116,223,hourglass,0.3463614694852057
1117,223,pump,0.2240283665561821
1118,223,zone,0.17010868781463478
1119,223,primers,0.6288598717857045
1120,224,bareminerals,0.46926590541500546
1121,224,pump,0.30708210143566894
1122,224,bare,0.3107997505651984
1123,224,minerals,0.3630829629476565
1124,224,primers,0.4511607700218157
1125,225,shadows,0.15281919657918053
1126,225,colors,0.3047767933327786
1127,225,palette,0.8451775843927508
1128,225,naked,0.27766821753282045
1129,225,shades,0.14864758230279554
1130,226,pigmented,0.16882658125198238
1131,226,colors,0.29570782896610964
1132,226,palette,0.8282707114670803
1133,226,naked,0.2428159725483744
1134,226,shades,0.1929014797224765
1135,227,shadows,0.15912175883125637
1136,227,colors,0.32450355753846216
1137,227,palette,0.8190720583278384
1138,227,naked,0.21028902622202023
1139,227,shades,0.1970306587207585
1140,228,pigmented,0.1413563724427356
1141,228,shadows,0.17054252751655463
1142,228,colors,0.28810463757050225
1143,228,palette,0.8748126817845819
1144,228,shades,0.15680786368332927
1145,229,pigmented,0.2296729503626065
1146,229,shadows,0.20050319961458607
1147,229,colors,0.2660992721212094
1148,229,palette,0.8791469881270799
1149,229,fallout,0.10901531050177815
1150,230,urban,0.11186983414807622
1151,230,nighter,0.15570555917855985
1152,230,setting,0.8627253483171082
1153,230,sprays,0.2387214116532971
1154,230,decay,0.1076856259823112
1155,231,bareminerals,0.15670466698095173
1156,231,mineral,0.4947150177273985
1157,231,illuminating,0.2297417851233969
1158,231,setting,0.1495483671496278
1159,231,veil,0.6971407104518491
1160,232,powders,0.25920469576126837
1161,232,bake,0.1967727092637708
1162,232,setting,0.6840437847098711
1163,232,translucent,0.3938418976933343
1164,232,baking,0.2316247024018716
1165,233,radiance,0.3221125098637702
1166,233,bare,0.2724317556766789
1167,233,warmth,0.5095133443637702
1168,233,bronzer,0.3673482553487503
1169,233,blush,0.33991035795120905
1170,234,zone,0.15872911461550554
1171,234,nighter,0.4328975191630856
1172,234,blot,0.16998450933444686
1173,234,sprays,0.2111775327585919
1174,234,setting,0.7477655203210093
1175,235,circles,0.4587628968834794
1176,235,concealers,0.391462312864632
1177,235,crease,0.29576196509286923
1178,235,covers,0.2803168634283825
1179,235,cakey,0.24202248865983764
1180,236,circles,0.7919720270343429
1181,236,paste,0.27561658761151214
1182,236,covers,0.14590974149547162
1183,236,erase,0.2359812036170296
1184,236,creases,0.17033065996533875
1185,237,circles,0.6196402111222589
1186,237,concealers,0.28113955333193735
1187,237,covers,0.28432568612071524
1188,237,blemishes,0.3231860909133557
1189,237,cakey,0.19492571729814173
1190,238,circles,0.47728861418451063
1191,238,concealers,0.25917201210100804
1192,238,covers,0.4179705451469272
1193,238,shade,0.2317248526889525
1194,238,blemishes,0.28187570306081877
1195,239,circles,0.40841075252750475
1196,239,bareminerals,0.24210865709935828
1197,239,covers,0.26874648300953213
1198,239,minerals,0.21974736666818642
1199,239,rested,0.5527993956771713
1200,240,firming,0.2819503602507284
1201,240,glitter,0.30345888662387216
1202,240,shimmer,0.5749259134050677
1203,240,absorbs,0.17662697736525237
1204,240,tightening,0.24426182763012444
1205,241,citrus,0.32649116397636974
1206,241,scents,0.21491374446287506
1207,241,butter,0.5057448807468192
1208,241,sweet,0.19828509178713288
1209,241,vanilla,0.5709668705767099
1210,242,bumps,0.44355432765217734
1211,242,duty,0.22976636787039378
1212,242,chicken,0.1852192821146244
1213,242,arms,0.7154494583206166
1214,242,scrub,0.3079449689274415
1215,243,divine,0.592074271970304
1216,243,legs,0.14751803788780005
1217,243,caudalie,0.4175826680734888
1218,243,absorbs,0.26953282649336
1219,243,floral,0.17014265496310396
1220,244,butter,0.3985733820167474
1221,244,lavender,0.11507319443093772
1222,244,coconut,0.16240044379987056
1223,244,pure,0.10705779462305767
1224,244,vanilla,0.8575504455714155
1225,245,growth,0.2831652696802585
1226,245,hairs,0.2690254277131157
1227,245,removal,0.22860690446775253
1228,245,legs,0.34975036645180585
1229,245,laser,0.535593516131453
1230,246,level,0.3788533646391824
1231,246,charge,0.21496559726465417
1232,246,wrinkles,0.14764712717740192
1233,246,redness,0.0961292024725905
1234,246,laser,0.7458984264639331
1235,247,growth,0.2217096684290544
1236,247,laser,0.3819109464781924
1237,247,arms,0.2360481248317545
1238,247,legs,0.5320392751477907
1239,247,reduction,0.2966630431315826
1240,248,painful,0.26137402047276287
1241,248,warming,0.21902523428288032
1242,248,directions,0.19822558869234705
1243,248,setting,0.37225304289275235
1244,248,level,0.43239664135148725
1245,249,growth,0.27550919849301087
1246,249,precision,0.2897502413384961
1247,249,shave,0.18824598666310172
1248,249,leg,0.19316682755899736
1249,249,reduction,0.46081322149147697
1250,250,roots,0.615300062327214
1251,250,root,0.36573729553570505
1252,250,gray,0.45143269872476033
1253,250,covers,0.17604431857760852
1254,250,grey,0.19774670264809818
1255,251,curly,0.3122290949757446
1256,251,frizzy,0.36709057157240865
1257,251,conditioner,0.24660214008884163
1258,251,blow,0.23278860697266113
1259,251,frizz,0.40312925274514577
1260,252,curly,0.19571394420666638
1261,252,weigh,0.19778444549471438
1262,252,mist,0.3483505891875959
1263,252,frizz,0.5926659088921936
1264,252,frizzy,0.3462716429415043
1265,253,conditioning,0.3214788300409444
1266,253,curly,0.20789076114256727
1267,253,damaged,0.19626821572367797
1268,253,frizzy,0.24303666236230456
1269,253,conditioner,0.6221983496793818
1270,254,curly,0.21436556943416898
1271,254,waves,0.4852600907018654
1272,254,wave,0.4691314150191394
1273,254,wavy,0.4282469570979694
1274,254,curls,0.19313666785010336
1275,255,chapped,0.15679834384210192
1276,255,lipstick,0.08318894824746693
1277,255,lips,0.8613191214564919
1278,255,lip,0.4115077466363798
1279,255,balm,0.1257169412386178
1280,256,mint,0.17581898091599696
1281,256,balms,0.16136695870055687
1282,256,lips,0.6787775385294588
1283,256,lip,0.4631158382523593
1284,256,balm,0.4704814479604858
1285,257,perfection,0.18656719058484386
1286,257,redness,0.21483494673406262
1287,257,pump,0.40577919089215425
1288,257,tinted,0.295851060598653
1289,257,radiant,0.30601136584991384
1290,258,boscia,0.5534496534691448
1291,258,spf,0.612029776512442
1292,258,sunscreen,0.1544993832745021
1293,258,absorbs,0.2693689720488071
1294,258,moisturizers,0.23376176230857673
1295,259,pads,0.8628899350831702
1296,259,pad,0.1592871753045219
1297,259,ptr,0.16870513095417788
1298,259,blackheads,0.16292136276710423
1299,259,cystic,0.10394241655088776
1300,260,circles,0.7572650634491367
1301,260,bags,0.1516833431456385
1302,260,puffy,0.1478131068026976
1303,260,brightening,0.17775463585817936
1304,260,puffiness,0.44611058842481094
1305,261,circles,0.34905421352399457
1306,261,shiseido,0.31083843116620374
1307,261,wrinkles,0.6088021080439103
1308,261,jar,0.15442287373080318
1309,261,wrinkle,0.1808292945010616
1310,262,circles,0.713064800350327
1311,262,darkness,0.13271116532745797
1312,262,puffy,0.17850271821619096
1313,262,puffiness,0.5455674127676644
1314,262,clinique,0.14782785255594713
1315,263,circles,0.7499307958296397
1316,263,wrinkles,0.14577307733921993
1317,263,jar,0.134861145082861
1318,263,puffiness,0.4821765078596031
1319,263,clinique,0.1987436230396509
1320,264,circles,0.30686126500956223
1321,264,bags,0.23969787403668139
1322,264,puffy,0.29115782196966256
1323,264,roller,0.2945036451706172
1324,264,puffiness,0.6905180839783374
1325,265,tingle,0.17363378807266558
1326,265,gloss,0.6171315273040856
1327,265,lips,0.48000811353856243
1328,265,lip,0.394168802504189
1329,265,plumping,0.2492756039067601
1330,266,nude,0.1091228546359558
1331,266,gloss,0.7759279837959602
1332,266,lips,0.3735352007100974
1333,266,lip,0.4278023582707361
1334,266,shade,0.0965526555545835
1335,267,stain,0.5091659785479458
1336,267,glossy,0.2863287081941318
1337,267,gloss,0.37408139436790294
1338,267,lips,0.44328768537263424
1339,267,lip,0.4146104556080972
1340,268,gloss,0.5380796239410597
1341,268,lips,0.4855581480133517
1342,268,minty,0.18043291835470132
1343,268,lip,0.4602573424505588
1344,268,plumping,0.25546084804861063
1345,269,honey,0.3432749795472945
1346,269,gloss,0.7576725655096618
1347,269,lips,0.3402847988538463
1348,269,lipstick,0.16987457994839378
1349,269,lip,0.2879606880323255
1350,270,moisturizers,0.14908314786516397
1351,270,dog,0.14155855475565138
1352,270,jar,0.7353703695042951
1353,270,philosophy,0.40389103969335793
1354,270,absorbs,0.20042386834036602
1355,271,drops,0.4691472885671971
1356,271,maran,0.22049245902721815
1357,271,josie,0.2800041928500464
1358,271,argan,0.5541904852587284
1359,271,cuticles,0.23307789054733238
1360,272,fab,0.1923948648820733
1361,272,eczema,0.5018892954046146
1362,272,moisturizers,0.22836216616318045
1363,272,repair,0.2453351237503174
1364,272,redness,0.19816442287350017
1365,273,moisturizers,0.5140341588584666
1366,273,zone,0.23316068304231394
1367,273,pump,0.16495504508994693
1368,273,absorbs,0.4188214553433826
1369,273,clinique,0.38033188933037293
1370,274,surge,0.47550937395536585
1371,274,absorbs,0.34301272205065503
1372,274,moisturizers,0.3508262168511646
1373,274,jar,0.28827567606747523
1374,274,clinique,0.42235926219518655
