,index,word,dfidf
0,0,influenster,0.4463111344885785
1,0,hourglass,0.44004377974780834
2,0,brushes,0.2378066062651571
3,0,vanish,0.4586392380821777
4,0,bristles,0.4020271439225389
5,1,influenster,0.42291618634075434
6,1,brushes,0.2926582492691399
7,1,blending,0.2653040521405344
8,1,lock,0.28938229730484605
9,1,bristles,0.6047033957624084
10,2,fluffy,0.20191984387312806
11,2,bristles,0.4421846184087473
12,2,brushes,0.29808472152841076
13,2,setting,0.5866030454739982
14,2,influenster,0.36698581906033056
15,3,bristles,0.6156380367761355
16,3,airbrushed,0.22874672535210805
17,3,brushes,0.3704266047211754
18,3,shedding,0.25527905039865945
19,3,tarte,0.3062495372019848
20,4,bristles,0.46803110618985194
21,4,airbrushed,0.3040727698317926
22,4,brushes,0.5384516122238399
23,4,airbrush,0.29305099674998963
24,4,foundations,0.2212793111784017
25,5,wrinkles,0.6083156326950291
26,5,shiseido,0.3130690420569095
27,5,jar,0.1552415474796148
28,5,circles,0.35805057383567346
29,5,wrinkle,0.1854899043009385
30,6,wrinkles,0.12511148196724015
31,6,pad,0.15585948807929753
32,6,philosophy,0.2906445678572059
33,6,retinol,0.14721781281716875
34,6,pads,0.8551276452448675
35,7,wrinkles,0.22696134366977105
36,7,philosophy,0.3804397123759899
37,7,scars,0.14128409612755213
38,7,retinol,0.7283894338017487
39,7,aging,0.13044019499652884
40,8,absorbs,0.20795110851630222
41,8,wrinkles,0.15964132044747503
42,8,philosophy,0.5275459684155689
43,8,aging,0.23175002066685838
44,8,jar,0.6100133467536575
45,9,moisturizers,0.29561486276802335
46,9,roses,0.3392926166681502
47,9,rose,0.4268409956928876
48,9,absorbs,0.3392349689481978
49,9,jar,0.2913208305015846
50,10,balm,0.12479460386120608
51,10,lip,0.42111873485409584
52,10,chapped,0.1576074230789722
53,10,lipstick,0.08382294520733358
54,10,lips,0.8574773918191633
55,11,lip,0.473666650557343
56,11,mint,0.172228954158932
57,11,balm,0.46676806041954666
58,11,lips,0.6753714210430349
59,11,balms,0.16123561665942573
60,12,waves,0.5459558654417929
61,12,wavy,0.42613350928787486
62,12,volume,0.2259438075096664
63,12,beach,0.2364265276658873
64,12,beachy,0.22591277190694878
65,13,sensation,0.15582008580353304
66,13,cleansers,0.11459093717575929
67,13,boscia,0.16749206315994303
68,13,warming,0.4402341173937144
69,13,cleanser,0.8065118181717499
70,14,tinted,0.3137235939319126
71,14,radiant,0.3173003739886525
72,14,shade,0.196638098808665
73,14,luminous,0.1772786487070274
74,14,pump,0.4263561354567309
75,15,removes,0.17525232166787486
76,15,influenster,0.48939329035661944
77,15,remover,0.7030471043653119
78,15,waterproof,0.30542096099849947
79,15,mascara,0.22247086240184394
80,16,removes,0.17617733763337506
81,16,mascara,0.34613933165345023
82,16,remover,0.6762100753281013
83,16,waterproof,0.5394792348402228
84,16,cotton,0.1415604172902225
85,17,cleansing,0.39426563754421057
86,17,removes,0.32060080694042364
87,17,waterproof,0.28977033127701096
88,17,remover,0.36548491991208293
89,17,cleanser,0.4654146192035881
90,18,removes,0.22516433188101256
91,18,mascara,0.3624359958789205
92,18,eyeliner,0.18445394122488476
93,18,remover,0.7351751077078844
94,18,waterproof,0.35072131541620166
95,19,removes,0.202194194956695
96,19,mascara,0.3781869504513556
97,19,eyeliner,0.17184825715968063
98,19,remover,0.6419665689875067
99,19,waterproof,0.494466667870626
100,20,clearing,0.1523689389193888
101,20,masks,0.3536429036465047
102,20,mud,0.24730263824575746
103,20,blackheads,0.46285264062684395
104,20,jar,0.18211236327352845
105,21,peeled,0.18541407288910833
106,21,pore,0.20769924891907135
107,21,peel,0.5442436804207471
108,21,heads,0.21826022767766817
109,21,blackheads,0.48473008414663205
110,22,origins,0.20678710774220155
111,22,cleared,0.14084487888436745
112,22,charcoal,0.463410090886754
113,22,blackheads,0.5764268465694582
114,22,masks,0.3412137869923041
115,23,masks,0.3293329256970707
116,23,mud,0.2888508868597199
117,23,tingling,0.3107702330425535
118,23,tingle,0.37117152187361385
119,23,sensation,0.2564770975984092
120,24,korres,0.29049423081048414
121,24,roses,0.2662828675233542
122,24,rose,0.6971463235564007
123,24,wild,0.17664292628820755
124,24,sleeping,0.21704442196788087
125,25,lipsticks,0.3892339433931376
126,25,colors,0.19995545495731235
127,25,lipstick,0.5929350515304542
128,25,lips,0.471412220615152
129,25,lip,0.21177461983010853
130,26,lip,0.4630818284429787
131,26,lipstick,0.3927889507376607
132,26,lips,0.4379344212726584
133,26,stain,0.3365216810386462
134,26,colors,0.279099856666126
135,27,lipsticks,0.22991388498447354
136,27,nars,0.25142278842457877
137,27,lipstick,0.7633222399611006
138,27,lips,0.3355585218503853
139,27,lip,0.21837039493329796
140,28,pencil,0.5067492941327577
141,28,lip,0.5439844887911438
142,28,nars,0.1708373304541614
143,28,lipstick,0.3108305165217445
144,28,lips,0.42515071372981145
145,29,lipsticks,0.3475568812855298
146,29,lipstick,0.7012292614465244
147,29,lips,0.33863954775036337
148,29,bite,0.3003778285476532
149,29,lip,0.17509891490626767
150,30,lotions,0.13173321287244508
151,30,perfume,0.29713860998784986
152,30,philosophy,0.2383386114774206
153,30,firming,0.5176260978865042
154,30,grace,0.6507913005392674
155,31,flower,0.14325353388404563
156,31,influenster,0.34443118159613856
157,31,perfume,0.8202693033639068
158,31,floral,0.24026825736005675
159,31,sweet,0.12076061220261965
160,32,lotions,0.13671563274330242
161,32,philosophy,0.29266814748700554
162,32,perfume,0.18582717963699388
163,32,grace,0.8476893391625206
164,32,pump,0.13066204263856657
165,33,sweet,0.24656194310287866
166,33,perfume,0.20842692200149848
167,33,philosophy,0.45277457494800843
168,33,firming,0.6466249482433707
169,33,grace,0.24837585307723498
170,34,scents,0.20719337374615632
171,34,perfume,0.5304933426760262
172,34,philosophy,0.2912416336047462
173,34,grace,0.2851799700404767
174,34,falling,0.3957351769381397
175,35,josie,0.28250004231888
176,35,drops,0.47570837866223387
177,35,cuticles,0.24134350111115294
178,35,argan,0.5570078063909139
179,35,maran,0.2223193582371748
180,36,wavy,0.19178600015536634
181,36,bumble,0.39286462356818413
182,36,frizzy,0.375113572882282
183,36,curly,0.2746293453231439
184,36,frizz,0.4962390008276381
185,37,josie,0.27501041604462073
186,37,drops,0.44204658571454714
187,37,cuticles,0.1803618296158097
188,37,argan,0.5855599292662826
189,37,maran,0.20419482017931023
190,38,floral,0.16820672731906253
191,38,divine,0.5952461119259246
192,38,caudalie,0.43183668003880515
193,38,legs,0.1535116909922902
194,38,absorbs,0.2714411549419373
195,39,frizz,0.5969629548788975
196,39,frizzy,0.34884164780232124
197,39,mist,0.3442964101298834
198,39,curly,0.19320163315888336
199,39,weigh,0.1978132990060358
200,40,sweat,0.41539032587027797
201,40,odor,0.2686154307835499
202,40,vanilla,0.7246360335926747
203,40,lavender,0.20802882300129572
204,40,sweating,0.15908401194066338
205,41,butter,0.5938553399171923
206,41,purse,0.27264786537977015
207,41,lavender,0.3281711077584375
208,41,absorbs,0.246699934264311
209,41,almond,0.3498959428699386
210,42,bath,0.3614004953828429
211,42,philosophy,0.3052245215674968
212,42,grace,0.6463513855190864
213,42,shampoo,0.4417698543614568
214,42,perfume,0.19007282564174433
215,43,lotions,0.13173321287244508
216,43,perfume,0.29713860998784986
217,43,philosophy,0.2383386114774206
218,43,firming,0.5176260978865042
219,43,grace,0.6507913005392674
220,44,butter,0.5036443302902497
221,44,vanilla,0.5728371346586668
222,44,citrus,0.32796509043665545
223,44,scents,0.21398713153364585
224,44,sweet,0.1969314301894958
225,45,bare,0.3287063177790974
226,45,foundations,0.3328129305276888
227,45,cakey,0.26096285141961034
228,45,minerals,0.3925530562343251
229,45,bareminerals,0.4615998705191219
230,46,matched,0.2002359989246067
231,46,shade,0.32479272930439107
232,46,foundations,0.3272133251945203
233,46,cakey,0.5425525268219581
234,46,setting,0.20497687284379348
235,47,bare,0.3593933098704051
236,47,shade,0.23108909174382888
237,47,minerals,0.4269704398164306
238,47,foundations,0.2905576806166451
239,47,bareminerals,0.47187588726301627
240,48,cakey,0.3243976729614196
241,48,foundations,0.4435205129634817
242,48,shade,0.29719958552687825
243,48,mat,0.18999305845101744
244,48,mufe,0.1959764677417671
245,49,match,0.21225269919142212
246,49,cakey,0.3720393477948941
247,49,foundations,0.3502936102964829
248,49,shade,0.4349367483233149
249,49,buildable,0.26570005511401384
250,50,ole,0.3393800285637341
251,50,scars,0.24810823777108187
252,50,henriksen,0.2379660680217387
253,50,vitamin,0.36679904692352944
254,50,influenster,0.3054444231982847
255,51,zone,0.20836597657489614
256,51,primers,0.44833401954225643
257,51,pore,0.4950792299141287
258,51,dr,0.2563965246614347
259,51,minimizing,0.2092667249361604
260,52,marks,0.22839667331566413
261,52,scarring,0.15359644794682523
262,52,scars,0.736929580572184
263,52,clinique,0.21735233513161012
264,52,corrector,0.25833579805393153
265,53,pimples,0.5375614951998645
266,53,zits,0.20205740352068496
267,53,blemishes,0.2223875087454209
268,53,pimple,0.47650896300386447
269,53,cystic,0.2604351733849343
270,54,masks,0.3293329256970707
271,54,mud,0.2888508868597199
272,54,tingling,0.3107702330425535
273,54,tingle,0.37117152187361385
274,54,sensation,0.2564770975984092
275,55,eyelashes,0.1398494204832982
276,55,mascara,0.6719125975810556
277,55,volume,0.09826371128558843
278,55,lashes,0.6720448202317841
279,55,lash,0.10507776667829626
280,56,eyelashes,0.1358640227432429
281,56,mascara,0.7044464588990443
282,56,volume,0.10076693684665484
283,56,lashes,0.6390437899096775
284,56,clumpy,0.11612040019533622
285,57,eyelashes,0.1342142001328513
286,57,mascara,0.7057687230773998
287,57,volume,0.14845583778412874
288,57,lashes,0.6285305810733827
289,57,clump,0.09918387162026125
290,58,eyelashes,0.1713054418509307
291,58,mascara,0.6880440932862243
292,58,volume,0.13223065452724095
293,58,lashes,0.644408754318753
294,58,lash,0.10274567218948677
295,59,eyelashes,0.1389046982415993
296,59,mascara,0.7082240044061805
297,59,volume,0.13296582152364408
298,59,lashes,0.6254302997289353
299,59,clumpy,0.13853246551891701
300,60,lip,0.526945271510506
301,60,balm,0.24365644086901292
302,60,rose,0.14058781441270252
303,60,lips,0.703165096274932
304,60,sugar,0.14913299326596394
305,61,lip,0.323725412527431
306,61,chapped,0.18572681627506782
307,61,balm,0.335792280523048
308,61,cuticles,0.1461479803627111
309,61,lips,0.8186400593245905
310,62,butter,0.22910913408151118
311,62,korres,0.14809517081792534
312,62,balm,0.2528897342504761
313,62,lips,0.7059390093106238
314,62,lip,0.513493720811862
315,63,balm,0.3495072363601593
316,63,lip,0.5424676538296268
317,63,coral,0.2086146821332817
318,63,lipstick,0.15495680332432715
319,63,lips,0.646790547247098
320,64,balm,0.12479460386120608
321,64,lip,0.42111873485409584
322,64,chapped,0.1576074230789722
323,64,lipstick,0.08382294520733358
324,64,lips,0.8574773918191633
325,65,growing,0.2001275669320894
326,65,grow,0.20462495389830063
327,65,nails,0.8287221010360929
328,65,growth,0.17694530086521296
329,65,vitamins,0.29354743108792936
330,66,frizz,0.4064751246737937
331,66,conditioner,0.24841857435764603
332,66,blow,0.2308288104133134
333,66,curly,0.30854223334308384
334,66,frizzy,0.3702003768668963
335,67,pre,0.24546174903019408
336,67,influenster,0.7907757486094341
337,67,conditioner,0.15544019422674385
338,67,shampoo,0.2157905485979728
339,67,testing,0.1883693894356664
340,68,frizz,0.5969629548788975
341,68,frizzy,0.34884164780232124
342,68,mist,0.3442964101298834
343,68,curly,0.19320163315888336
344,68,weigh,0.1978132990060358
345,69,damaged,0.19540314242986886
346,69,conditioner,0.6232783929924112
347,69,curly,0.20428779965379584
348,69,frizzy,0.2437257478321649
349,69,conditioning,0.32613127188527874
350,70,purse,0.14825516232207167
351,70,perfume,0.7816820642350083
352,70,refill,0.3553151897859358
353,70,floral,0.20216594202987354
354,70,roller,0.17119209625528237
355,71,protectant,0.0
356,71,properties,0.0
357,71,protected,0.0
358,71,proper,0.0
359,71,protect,0.0
360,72,fragrances,0.2619139791288993
361,72,perfume,0.22520349444201893
362,72,perfumes,0.2096838059953236
363,72,roller,0.2221255410454865
364,72,scents,0.7216995264569868
365,73,shirt,0.2412754240857881
366,73,perfume,0.2949912493871282
367,73,men,0.2763401401675126
368,73,sexy,0.3490655316071839
369,73,roller,0.36824558758569464
370,74,perfume,0.666815495699135
371,74,flower,0.29748714459596504
372,74,perfumes,0.26892975842759653
373,74,floral,0.2978821268676162
374,74,sexy,0.14346330363340473
375,75,palette,0.8466534452951986
376,75,naked,0.2816425494512157
377,75,shades,0.14816443099712595
378,75,shadows,0.15308605159467026
379,75,colors,0.2987561064915505
380,76,palette,0.8299138918802293
381,76,pigmented,0.16834229310764554
382,76,naked,0.24634988622989296
383,76,shades,0.19232010466351104
384,76,colors,0.28993506223698934
385,77,palette,0.8210465144026542
386,77,naked,0.2134404096464777
387,77,shades,0.19652049895112364
388,77,shadows,0.15950533793173402
389,77,colors,0.3183041486841919
390,78,palette,0.8778089178641585
391,78,pigmented,0.14115361103307789
392,78,shades,0.1565601231971726
393,78,shadows,0.1711266361888305
394,78,colors,0.2828865852881701
395,79,palette,0.8808500542747857
396,79,pigmented,0.22900344995673558
397,79,fallout,0.11117116748853119
398,79,shadows,0.20089161044506365
399,79,colors,0.2608923623398643
400,80,ole,0.30107589121779427
401,80,truth,0.44354293305420694
402,80,vitamin,0.24441175176710542
403,80,transformation,0.4230956576452898
404,80,sheer,0.2634693343179636
405,81,influenster,0.5356959971449244
406,81,henriksen,0.24345462515605107
407,81,steps,0.34355455995330764
408,81,vitamin,0.2592699002930471
409,81,ole,0.3399235667693748
410,82,clearing,0.22029398410559686
411,82,clinique,0.5234022452590963
412,82,cleared,0.3158105262946321
413,82,toner,0.2574780622305134
414,82,solutions,0.2621663817691914
415,83,duo,0.4075156975321052
416,83,sunday,0.39684255299268806
417,83,acid,0.20267690413697861
418,83,riley,0.4760730052837624
419,83,pump,0.17748286021801274
420,84,bar,0.41553771682444507
421,84,influenster,0.7642134628972383
422,84,soap,0.21389374078367923
423,84,duo,0.13693045166006024
424,84,cleansing,0.2840355143919636
425,85,wavy,0.19178600015536634
426,85,bumble,0.39286462356818413
427,85,frizzy,0.375113572882282
428,85,curly,0.2746293453231439
429,85,frizz,0.4962390008276381
430,86,frizz,0.4064751246737937
431,86,conditioner,0.24841857435764603
432,86,blow,0.2308288104133134
433,86,curly,0.30854223334308384
434,86,frizzy,0.3702003768668963
435,87,curls,0.5744402019394518
436,87,frizz,0.44946608863639287
437,87,frizzy,0.23928192334088716
438,87,curly,0.48148012705398685
439,87,crunchy,0.19526942928189
440,88,bumble,0.2903943454444385
441,88,blow,0.3215417444924169
442,88,styling,0.2333491867546575
443,88,frizzy,0.2959203071797523
444,88,frizz,0.3383563207942534
445,89,frizz,0.5969629548788975
446,89,frizzy,0.34884164780232124
447,89,mist,0.3442964101298834
448,89,curly,0.19320163315888336
449,89,weigh,0.1978132990060358
450,90,moisturizers,0.1476246853492951
451,90,dog,0.14669132034328858
452,90,philosophy,0.39847398206266904
453,90,absorbs,0.20032469150539428
454,90,jar,0.7396888082161447
455,91,josie,0.28250004231888
456,91,drops,0.47570837866223387
457,91,cuticles,0.24134350111115294
458,91,argan,0.5570078063909139
459,91,maran,0.2223193582371748
460,92,moisturizers,0.24004816801285736
461,92,repair,0.25764493141531947
462,92,fab,0.2072078836413989
463,92,absorbs,0.19383001066745
464,92,eczema,0.5412842374293816
465,93,moisturizers,0.5139549060575993
466,93,clinique,0.3854661795431995
467,93,absorbs,0.4297294861897834
468,93,dramatically,0.16732832770596556
469,93,zone,0.24057304784817785
470,94,moisturizers,0.3482962181464947
471,94,clinique,0.42503945265334947
472,94,absorbs,0.3437332610801807
473,94,surge,0.4893092748421118
474,94,jar,0.2907215384435809
475,95,ole,0.3393800285637341
476,95,scars,0.24810823777108187
477,95,henriksen,0.2379660680217387
478,95,vitamin,0.36679904692352944
479,95,influenster,0.3054444231982847
480,96,moisturizers,0.18013332457895906
481,96,korres,0.6439509332308594
482,96,rose,0.4053363291102666
483,96,wild,0.19543695429316515
484,96,brightening,0.3732607532279055
485,97,korres,0.29049423081048414
486,97,roses,0.2662828675233542
487,97,rose,0.6971463235564007
488,97,wild,0.17664292628820755
489,97,sleeping,0.21704442196788087
490,98,murad,0.3832094844958952
491,98,freckles,0.2797109218681185
492,98,scars,0.4079054784920931
493,98,lightening,0.29899361293921806
494,98,lightened,0.2437895689788809
495,99,skincare,0.15005911206468975
496,99,sunday,0.4170909075038663
497,99,scars,0.2529241466023914
498,99,acid,0.28995912800249257
499,99,riley,0.4691970356604434
500,100,proof,0.20103602137603244
501,100,limp,0.20420741752553348
502,100,blow,0.2583098177838234
503,100,volume,0.6082110679469215
504,100,living,0.1949829545878378
505,101,waves,0.5459558654417929
506,101,wavy,0.42613350928787486
507,101,volume,0.2259438075096664
508,101,beach,0.2364265276658873
509,101,beachy,0.22591277190694878
510,102,volume,0.1528642166088557
511,102,shampoos,0.36914250142907057
512,102,scalp,0.12083353537304198
513,102,shampoo,0.8582029909341995
514,102,roots,0.12599405858376841
515,103,curls,0.24190044438834588
516,103,frizz,0.2763436812854382
517,103,style,0.528447990840793
518,103,blow,0.2511849414973504
519,103,styling,0.26179927700725725
520,104,wavy,0.19178600015536634
521,104,bumble,0.39286462356818413
522,104,frizzy,0.375113572882282
523,104,curly,0.2746293453231439
524,104,frizz,0.4962390008276381
525,105,frizz,0.49707940219577657
526,105,conditioner,0.40862553954531056
527,105,shampoo,0.6731830573968145
528,105,curly,0.1241426188873216
529,105,frizzy,0.18704741462899066
530,106,proof,0.13517295927541714
531,106,shampoo,0.8477125991504375
532,106,conditioner,0.3405105534998351
533,106,volume,0.24905800103750633
534,106,living,0.12749464830931298
535,107,volume,0.26158982548943116
536,107,shampoos,0.09803583662579346
537,107,conditioner,0.41367545125962923
538,107,shampoo,0.8071712923551881
539,107,bumble,0.23035742936848363
540,108,shampoos,0.10190966663964403
541,108,conditioner,0.47496510687281734
542,108,shampoo,0.830126049856775
543,108,alterna,0.1189413466726877
544,108,scalp,0.0871650822623282
545,109,proof,0.10654221363321367
546,109,conditioner,0.4142392846480908
547,109,shampoo,0.8467843609342514
548,109,styling,0.12632905946933579
549,109,scalp,0.11784959975250583
550,110,josie,0.28250004231888
551,110,drops,0.47570837866223387
552,110,cuticles,0.24134350111115294
553,110,argan,0.5570078063909139
554,110,maran,0.2223193582371748
555,111,cleansing,0.441603098050607
556,111,josie,0.19345173989019443
557,111,argan,0.17451706538081507
558,111,maran,0.1474308729950459
559,111,cleanser,0.7171024779442954
560,112,drops,0.4877801171295272
561,112,tarte,0.23238021018972704
562,112,maracuja,0.26855236314666836
563,112,absorbs,0.14447358705311095
564,112,ipsy,0.4973191910123488
565,113,josie,0.27501041604462073
566,113,drops,0.44204658571454714
567,113,cuticles,0.1803618296158097
568,113,argan,0.5855599292662826
569,113,maran,0.20419482017931023
570,114,josie,0.1951893080252183
571,114,drops,0.7778850087761424
572,114,argan,0.11921479794618896
573,114,absorbs,0.20044425270100288
574,114,maran,0.166063066995999
575,115,tinted,0.7194752552503096
576,115,laura,0.20382577820025882
577,115,mercier,0.20003164178980798
578,115,spf,0.2688176617257185
579,115,sheer,0.27500937920321444
580,116,tinted,0.7666018683606329
581,116,laura,0.25670035010545883
582,116,sheer,0.15890855621689015
583,116,spf,0.2171072046727405
584,116,mercier,0.2323980213920912
585,117,shade,0.28000859451025073
586,117,spf,0.4090677414397073
587,117,cakey,0.2634673588933708
588,117,smashbox,0.31670697475972315
589,117,sheer,0.22393767327726824
590,118,spf,0.32604234524158665
591,118,tinted,0.36936883872643067
592,118,shade,0.3291866068879044
593,118,evens,0.1577761163493218
594,118,tarte,0.4190684323394611
595,119,tinted,0.7226057229577155
596,119,nars,0.32396503996670095
597,119,shade,0.20162903757397313
598,119,spf,0.21347578735402756
599,119,dewy,0.1871446445647149
600,120,purse,0.14825516232207167
601,120,perfume,0.7816820642350083
602,120,refill,0.3553151897859358
603,120,floral,0.20216594202987354
604,120,roller,0.17119209625528237
605,121,citrusy,0.2469927446080311
606,121,perfume,0.6430564150513817
607,121,di,0.24456853297458214
608,121,roller,0.26616581975307774
609,121,flowery,0.2554272672894904
610,122,vanilla,0.45494531162435164
611,122,feminine,0.20324161951377295
612,122,perfume,0.5325451419384626
613,122,sexy,0.3371935388558956
614,122,scents,0.2728352048847493
615,123,feminine,0.22326651629440214
616,123,perfume,0.6146902041838515
617,123,perfumes,0.23920888359530088
618,123,floral,0.35769811949146385
619,123,roller,0.2907793799290729
620,124,vanilla,0.722806814238425
621,124,ball,0.16428497995028674
622,124,perfume,0.19809509841127526
623,124,roller,0.3297166545961916
624,124,coconut,0.42650248673024305
625,125,toner,0.3074225156923506
626,125,refreshing,0.44193352970368854
627,125,caudalie,0.26785022540490366
628,125,mist,0.3742657255197348
629,125,spritz,0.2169620718045966
630,126,refresh,0.22781068142554708
631,126,purse,0.30911995722349334
632,126,refreshing,0.5619820885468538
633,126,mist,0.4413709543525279
634,126,spritz,0.18082406961348682
635,127,primers,0.2645086273122672
636,127,refreshing,0.2577834421171245
637,127,mist,0.21368139244261208
638,127,smashbox,0.2702441139715388
639,127,setting,0.6743556193186024
640,128,sprays,0.31042723326585026
641,128,decay,0.25953111947435226
642,128,mist,0.24726286627355937
643,128,setting,0.7232547587939988
644,128,urban,0.26044480967378814
645,129,mist,0.34191695301871505
646,129,sunscreen,0.3901477146217779
647,129,spf,0.5490918008828315
648,129,setting,0.456070183767041
649,129,nozzle,0.17767088967984154
650,130,primers,0.48910200621940464
651,130,pore,0.14514801304987657
652,130,zone,0.2784249796384384
653,130,smoothing,0.3100927879525524
654,130,mattifying,0.5026410158242254
655,131,primers,0.28511106076471465
656,131,correcting,0.5037524499449488
657,131,correct,0.26181302850583926
658,131,green,0.4914873900118617
659,131,smashbox,0.34827678237391957
660,132,eyelids,0.3558015478635187
661,132,lemon,0.39358626811206054
662,132,aid,0.3114573388151024
663,132,shadow,0.2981622617840466
664,132,circles,0.3841008016679782
665,133,lids,0.31636232219653
666,133,eyelids,0.26479291895929474
667,133,shadow,0.6004311405416715
668,133,eyeshadow,0.34423683883376893
669,133,crease,0.19132853619122037
670,134,peach,0.2361180122354624
671,134,creasing,0.13516521239334267
672,134,corrector,0.5201771406551586
673,134,circles,0.7078654772934297
674,134,crease,0.15725770587626772
675,135,pigmented,0.16383367045072417
676,135,nars,0.2504783724927996
677,135,blush,0.8479515818922199
678,135,shade,0.22702322213993062
679,135,shimmer,0.2211478739181934
680,136,exposed,0.27437369191652855
681,136,pigmented,0.16253596283645946
682,136,blush,0.8877241918807144
683,136,shade,0.17972499790310187
684,136,tarte,0.1523363645142341
685,137,lip,0.36751786531852065
686,137,blush,0.2402651853332753
687,137,lips,0.6767211959066566
688,137,stain,0.45201192009473345
689,137,tint,0.2011900091956817
690,138,nars,0.28506373155084785
691,138,blush,0.7290290544357677
692,138,shade,0.20168515593799613
693,138,lips,0.2608970124828006
694,138,highlighter,0.24444941261539663
695,139,duo,0.24510452888108208
696,139,nars,0.182666726913058
697,139,blush,0.6012269914318307
698,139,colors,0.10941652151454936
699,139,bronzer,0.6939305232418229
700,140,shave,0.7617126328489257
701,140,shaving,0.5506844357537547
702,140,beard,0.2741830899102132
703,140,legs,0.10629584655552671
704,140,burn,0.05824980815988437
705,141,shaving,0.3856742111643125
706,141,shave,0.9030961092344987
707,141,beard,0.07774708771145708
708,141,men,0.047284281636690816
709,141,legs,0.06028229172136324
710,142,shaving,0.6883116787704312
711,142,shave,0.6656495087364261
712,142,legs,0.183227078078271
713,142,jar,0.061632453263503265
714,142,unscented,0.11786860431999772
715,143,shave,0.2926876620875183
716,143,shaving,0.4571201267962714
717,143,bumps,0.2883733571146361
718,143,hairs,0.6831390766356986
719,143,beard,0.16674705618526361
720,144,shave,0.7821456266923105
721,144,shaving,0.5462966294505104
722,144,legs,0.14637970966745506
723,144,lather,0.1541916311304222
724,144,beard,0.11012655432195084
725,145,curls,0.24190044438834588
726,145,frizz,0.2763436812854382
727,145,style,0.528447990840793
728,145,blow,0.2511849414973504
729,145,styling,0.26179927700725725
730,146,wavy,0.19178600015536634
731,146,bumble,0.39286462356818413
732,146,frizzy,0.375113572882282
733,146,curly,0.2746293453231439
734,146,frizz,0.4962390008276381
735,147,frizz,0.4064751246737937
736,147,conditioner,0.24841857435764603
737,147,blow,0.2308288104133134
738,147,curly,0.30854223334308384
739,147,frizzy,0.3702003768668963
740,148,curls,0.5744402019394518
741,148,frizz,0.44946608863639287
742,148,frizzy,0.23928192334088716
743,148,curly,0.48148012705398685
744,148,crunchy,0.19526942928189
745,149,bumble,0.2903943454444385
746,149,blow,0.3215417444924169
747,149,styling,0.2333491867546575
748,149,frizzy,0.2959203071797523
749,149,frizz,0.3383563207942534
750,150,removes,0.1790933528705563
751,150,cleansers,0.14837311440725878
752,150,purity,0.23533720840966818
753,150,clarisonic,0.11459082669396552
754,150,cleanser,0.8855681622276546
755,151,removes,0.13860650692964946
756,151,cleansers,0.15138951668808817
757,151,birthday,0.2089229217705639
758,151,cleanser,0.9149383125814351
759,151,mascara,0.08206215309816448
760,152,exfoliating,0.5335809031729053
761,152,philosophy,0.3141420049561112
762,152,purity,0.278822854613137
763,152,cleanser,0.418584290330259
764,152,exfoliator,0.340905306899018
765,153,removes,0.09851794393942113
766,153,cleansers,0.16656314786307838
767,153,cleans,0.07658574177852599
768,153,fab,0.10820410580610122
769,153,cleanser,0.9432312301782205
770,154,cleansing,0.39426563754421057
771,154,removes,0.32060080694042364
772,154,waterproof,0.28977033127701096
773,154,remover,0.36548491991208293
774,154,cleanser,0.4654146192035881
775,155,mia,0.756461359532059
776,155,replacement,0.264515576382447
777,155,delicate,0.22788335367211748
778,155,deeper,0.2436183294068577
779,155,bristles,0.38272786158696814
780,156,radiance,0.18146081340361575
781,156,mia,0.23224238162701127
782,156,pore,0.2983762037962001
783,156,heads,0.20331829816201247
784,156,clarisonic,0.8087595587209144
785,157,bristles,0.37668442758740905
786,157,pore,0.26048082390023763
787,157,brushes,0.37485500755406154
788,157,heads,0.2768461112656976
789,157,delicate,0.3430240864722177
790,158,mia,0.17744211127660223
791,158,pore,0.18675247701051345
792,158,brushes,0.3510749760267069
793,158,heads,0.4843251052140789
794,158,clarisonic,0.7103434058904363
795,159,cleansing,0.17603011351694162
796,159,charge,0.31721161839380857
797,159,heads,0.16142472099127847
798,159,clarisonic,0.806994475527916
799,159,cleanser,0.15672832367285777
800,160,frizz,0.4064751246737937
801,160,conditioner,0.24841857435764603
802,160,blow,0.2308288104133134
803,160,curly,0.30854223334308384
804,160,frizzy,0.3702003768668963
805,161,pre,0.24546174903019408
806,161,influenster,0.7907757486094341
807,161,conditioner,0.15544019422674385
808,161,shampoo,0.2157905485979728
809,161,testing,0.1883693894356664
810,162,frizz,0.5969629548788975
811,162,frizzy,0.34884164780232124
812,162,mist,0.3442964101298834
813,162,curly,0.19320163315888336
814,162,weigh,0.1978132990060358
815,163,wavy,0.226518081460449
816,163,frizz,0.3901727677901316
817,163,blow,0.37354987961971886
818,163,volume,0.3259556061653607
819,163,styling,0.42954800123684217
820,164,damaged,0.19540314242986886
821,164,conditioner,0.6232783929924112
822,164,curly,0.20428779965379584
823,164,frizzy,0.2437257478321649
824,164,conditioning,0.32613127188527874
825,165,ysl,0.16743794515793023
826,165,cologne,0.8324057844994245
827,165,men,0.21186219215046737
828,165,sexy,0.25262282341102066
829,165,man,0.21551601517522037
830,166,influenster,0.5219294789215898
831,166,opinions,0.2158272553574778
832,166,cologne,0.7342443718403915
833,166,man,0.16816281687539894
834,166,blue,0.16652050503866972
835,167,sweet,0.17975439751741448
836,167,cologne,0.5955142881171289
837,167,men,0.4498698704383574
838,167,sexy,0.2703835260141285
839,167,scents,0.217815508482871
840,168,vanilla,0.6028761441816032
841,168,sweet,0.2249516035759
842,168,perfume,0.4239095526641187
843,168,scents,0.27509299154393635
844,168,smoke,0.18240148870417314
845,169,cologne,0.7735312153721511
846,169,men,0.21540721165886303
847,169,sexy,0.20407250500454596
848,169,man,0.16505306529189726
849,169,blue,0.25839462260369767
850,170,pencil,0.5359525486707017
851,170,liner,0.2758493001086156
852,170,smudge,0.17430950779367763
853,170,eyeliner,0.6734455572291165
854,170,colors,0.1262672746369339
855,171,precise,0.11011638874291882
856,171,smudge,0.09451640295076974
857,171,eyeliner,0.6613151539879855
858,171,liners,0.1250104703636296
859,171,liner,0.6949182492321229
860,172,stila,0.1774623553040102
861,172,smudge,0.1320419392674332
862,172,eyeliner,0.7615317878648512
863,172,waterproof,0.1734814847837765
864,172,liner,0.5363132387390981
865,173,pencil,0.12943974447401782
866,173,smudge,0.20480151454865692
867,173,eyeliner,0.8233687827209795
868,173,waterproof,0.23346269759976207
869,173,liner,0.364957094825859
870,174,clumpy,0.1087874834422955
871,174,applicator,0.2018164583793761
872,174,twist,0.1924369675164924
873,174,eyeliner,0.7442424769422032
874,174,liner,0.5104665263497478
875,175,influenster,0.42291618634075434
876,175,brushes,0.2926582492691399
877,175,blending,0.2653040521405344
878,175,lock,0.28938229730484605
879,175,bristles,0.6047033957624084
880,176,bristles,0.23373551587489497
881,176,eyebrow,0.2338285873143903
882,176,brow,0.6323392490463314
883,176,brows,0.45614552815982007
884,176,anastasia,0.25141165564531315
885,177,anastasia,0.33873113094145324
886,177,bristles,0.18519194548028314
887,177,eyebrow,0.2436827959006559
888,177,brow,0.6242108057023434
889,177,brows,0.490141525220742
890,178,bristles,0.20854083720770317
891,178,precise,0.16439973225515508
892,178,eyeliner,0.7537807674885819
893,178,bobbi,0.27587428267381875
894,178,liner,0.484040047541629
895,179,bristles,0.09879340590925671
896,179,brushes,0.9030086343636737
897,179,shadow,0.12353686170419947
898,179,eyeshadow,0.0900852839977242
899,179,mascara,0.32050876030030356
900,180,butter,0.5938553399171923
901,180,purse,0.27264786537977015
902,180,lavender,0.3281711077584375
903,180,absorbs,0.246699934264311
904,180,almond,0.3498959428699386
905,181,lotions,0.24795002917469036
906,181,cuticles,0.28427321610529627
907,181,cracked,0.33950649441868574
908,181,cracking,0.26077204214380756
909,181,men,0.4472576092902312
910,182,cracked,0.05469864101148322
911,182,foot,0.6096580191895189
912,182,feet,0.752778708711376
913,182,lavender,0.09327560948708066
914,182,heels,0.18234602000331054
915,183,foot,0.34446038525049355
916,183,feet,0.8862922265470262
917,183,lavender,0.10434851622848071
918,183,almond,0.22182594971174746
919,183,heels,0.08242126349160227
920,184,absorbs,0.18246328890436977
921,184,lotions,0.08822211165685911
922,184,cuticles,0.408982137511804
923,184,nails,0.8155135016872647
924,184,nail,0.185295506176307
925,185,clearing,0.1523689389193888
926,185,masks,0.3536429036465047
927,185,mud,0.24730263824575746
928,185,blackheads,0.46285264062684395
929,185,jar,0.18211236327352845
930,186,pimples,0.5375614951998645
931,186,zits,0.20205740352068496
932,186,blemishes,0.2223875087454209
933,186,pimple,0.47650896300386447
934,186,cystic,0.2604351733849343
935,187,glue,0.3564821779983561
936,187,murad,0.467544844894653
937,187,spf,0.3922194944215464
938,187,zone,0.2854919623867572
939,187,mattifying,0.3325829908263501
940,188,cleansers,0.13146396204185637
941,188,cleared,0.15249609169527759
942,188,murad,0.3588863319991188
943,188,clarisonic,0.10835391298484359
944,188,cleanser,0.8508204415937316
945,189,clearing,0.22029398410559686
946,189,clinique,0.5234022452590963
947,189,cleared,0.3158105262946321
948,189,toner,0.2574780622305134
949,189,solutions,0.2621663817691914
950,190,korres,0.29049423081048414
951,190,roses,0.2662828675233542
952,190,rose,0.6971463235564007
953,190,wild,0.17664292628820755
954,190,sleeping,0.21704442196788087
955,191,masks,0.3479512966277292
956,191,mud,0.18819474218885204
957,191,plump,0.25321538396920695
958,191,coconut,0.30153604045760807
959,191,jar,0.2956493209995293
960,192,ole,0.5259660404407441
961,192,henriksen,0.2629554657312876
962,192,scars,0.2601357611851834
963,192,transformation,0.2813011958985867
964,192,sheer,0.20563593620839357
965,193,drops,0.1777945504983807
966,193,sunday,0.36031416570725555
967,193,riley,0.4677109362439711
968,193,retinol,0.3897799912617701
969,193,blue,0.32212213039885784
970,194,orange,0.23132534307433908
971,194,origins,0.5120544422251596
972,194,absorbs,0.2778882663047073
973,194,mins,0.18089385060537785
974,194,citrus,0.27730764553919934
975,195,highlight,0.21581068120109265
976,195,concealers,0.23357346665272705
977,195,highlighter,0.3748452560079564
978,195,circles,0.472291722258133
979,195,highlighting,0.26568656597043194
980,196,radiance,0.3185980895835937
981,196,warmth,0.5083817731241809
982,196,bare,0.2771518415136402
983,196,blush,0.34083278116142635
984,196,bronzer,0.36519381644289345
985,197,highlight,0.32656234854609556
986,197,shade,0.1258757247778673
987,197,becca,0.27084268752795054
988,197,pearl,0.27483259712163216
989,197,highlighter,0.7933418975490818
990,198,nars,0.28506373155084785
991,198,blush,0.7290290544357677
992,198,shade,0.20168515593799613
993,198,lips,0.2608970124828006
994,198,highlighter,0.24444941261539663
995,199,highlight,0.30686276665285694
996,199,cheekbones,0.2573937635105517
997,199,highlighter,0.7445255113036107
998,199,shimmer,0.213137225960848
999,199,polish,0.1615083021965991
1000,200,covers,0.28056641639114827
1001,200,concealers,0.39066851607617564
1002,200,nars,0.2428949983273397
1003,200,circles,0.46129237092898556
1004,200,crease,0.29739270336623996
1005,201,covers,0.14595853974195733
1006,201,erase,0.23545815937558356
1007,201,creases,0.1703026268313454
1008,201,circles,0.795896490454934
1009,201,paste,0.26811206550446254
1010,202,covers,0.28655449201481453
1011,202,concealers,0.28251731534826213
1012,202,blemishes,0.3137662779342208
1013,202,cakey,0.1964185295741401
1014,202,circles,0.6273822737690328
1015,203,covers,0.4215418465197109
1016,203,concealers,0.2606244234239641
1017,203,blemishes,0.2738515085923698
1018,203,shade,0.23365263584405882
1019,203,circles,0.4835903387638881
1020,204,covers,0.27190082997418896
1021,204,circles,0.4151130981202054
1022,204,bareminerals,0.24415963791758896
1023,204,rested,0.5522091823408459
1024,204,minerals,0.22207843416113057
1025,205,masks,0.6677057138016889
1026,205,honey,0.19926909426786898
1027,205,rose,0.3084013718834202
1028,205,pearl,0.3643606376065243
1029,205,sheet,0.3989881222527816
1030,206,masks,0.6779174679340365
1031,206,tea,0.2279445512787298
1032,206,green,0.24785231762140109
1033,206,pearl,0.25195443186756483
1034,206,sheet,0.48914005749747397
1035,207,masks,0.3981739280223564
1036,207,slimy,0.5218353831009849
1037,207,boscia,0.2654355856465074
1038,207,slippery,0.2692066497328837
1039,207,sheet,0.3175533680404105
1040,208,masks,0.5226902185181036
1041,208,rose,0.3019036870021901
1042,208,pearl,0.3783011604083428
1043,208,circles,0.28921717418990334
1044,208,cooling,0.20277092883371728
1045,209,masks,0.45416632756561587
1046,209,plump,0.17627279393790454
1047,209,jart,0.30094156726338495
1048,209,dr,0.2130286599690129
1049,209,sheet,0.6889066768658432
1050,210,orange,0.12732090759869155
1051,210,nars,0.16115047870144225
1052,210,contour,0.12317672140505824
1053,210,shimmer,0.1974113554999826
1054,210,bronzer,0.9080633010010845
1055,211,milk,0.1507637635872267
1056,211,chocolate,0.5445927234296869
1057,211,shade,0.12379985753135157
1058,211,contouring,0.12468308918515712
1059,211,bronzer,0.7671078760236965
1060,212,nars,0.28506373155084785
1061,212,blush,0.7290290544357677
1062,212,shade,0.20168515593799613
1063,212,lips,0.2608970124828006
1064,212,highlighter,0.24444941261539663
1065,213,duo,0.24510452888108208
1066,213,nars,0.182666726913058
1067,213,blush,0.6012269914318307
1068,213,colors,0.10941652151454936
1069,213,bronzer,0.6939305232418229
1070,214,orange,0.1337572463488066
1071,214,bronze,0.10323744939552638
1072,214,contouring,0.13335417162200333
1073,214,contour,0.2180689670362288
1074,214,bronzer,0.9227563864460832
1075,215,proof,0.20103602137603244
1076,215,limp,0.20420741752553348
1077,215,blow,0.2583098177838234
1078,215,volume,0.6082110679469215
1079,215,living,0.1949829545878378
1080,216,waves,0.5459558654417929
1081,216,wavy,0.42613350928787486
1082,216,volume,0.2259438075096664
1083,216,beach,0.2364265276658873
1084,216,beachy,0.22591277190694878
1085,217,volume,0.1528642166088557
1086,217,shampoos,0.36914250142907057
1087,217,scalp,0.12083353537304198
1088,217,shampoo,0.8582029909341995
1089,217,roots,0.12599405858376841
1090,218,root,0.3678309828427279
1091,218,gray,0.43974470487228295
1092,218,grey,0.19353367885669584
1093,218,roots,0.6300216850976137
1094,218,covers,0.1735143141614179
1095,219,curls,0.24190044438834588
1096,219,frizz,0.2763436812854382
1097,219,style,0.528447990840793
1098,219,blow,0.2511849414973504
1099,219,styling,0.26179927700725725
1100,220,sprays,0.2376879766755668
1101,220,nighter,0.15597995033792958
1102,220,decay,0.107875394311179
1103,220,setting,0.8680530130661008
1104,220,urban,0.11206697607192487
1105,221,zone,0.1466782449961184
1106,221,primers,0.6925499845947755
1107,221,photo,0.14823169764958702
1108,221,smashbox,0.3440600286183961
1109,221,silicone,0.1680912415455144
1110,222,primers,0.478797349330385
1111,222,pore,0.3487003580561449
1112,222,zone,0.3053154975287604
1113,222,minimizes,0.2295752023264608
1114,222,minimizing,0.23311459387724323
1115,223,primers,0.6357888347955019
1116,223,hourglass,0.3520339219453303
1117,223,foundations,0.1601475843421632
1118,223,zone,0.1721362762807692
1119,223,pump,0.22260761924909725
1120,224,primers,0.4523763242209539
1121,224,bare,0.31468330270627204
1122,224,pump,0.30262237870202924
1123,224,bareminerals,0.4693293890516538
1124,224,minerals,0.36390143929224666
1125,225,palette,0.8466534452951986
1126,225,naked,0.2816425494512157
1127,225,shades,0.14816443099712595
1128,225,shadows,0.15308605159467026
1129,225,colors,0.2987561064915505
1130,226,palette,0.8299138918802293
1131,226,pigmented,0.16834229310764554
1132,226,naked,0.24634988622989296
1133,226,shades,0.19232010466351104
1134,226,colors,0.28993506223698934
1135,227,palette,0.8210465144026542
1136,227,naked,0.2134404096464777
1137,227,shades,0.19652049895112364
1138,227,shadows,0.15950533793173402
1139,227,colors,0.3183041486841919
1140,228,palette,0.8778089178641585
1141,228,pigmented,0.14115361103307789
1142,228,shades,0.1565601231971726
1143,228,shadows,0.1711266361888305
1144,228,colors,0.2828865852881701
1145,229,palette,0.8808500542747857
1146,229,pigmented,0.22900344995673558
1147,229,fallout,0.11117116748853119
1148,229,shadows,0.20089161044506365
1149,229,colors,0.2608923623398643
1150,230,sprays,0.2376879766755668
1151,230,nighter,0.15597995033792958
1152,230,decay,0.107875394311179
1153,230,setting,0.8680530130661008
1154,230,urban,0.11206697607192487
1155,231,illuminating,0.23251885210052745
1156,231,veil,0.7055675904134953
1157,231,bareminerals,0.15736001700072735
1158,231,mineral,0.5006950214871995
1159,231,setting,0.1520228554635409
1160,232,bake,0.1960384158716476
1161,232,powders,0.25964075530183256
1162,232,baking,0.22641383568239845
1163,232,setting,0.684493378906595
1164,232,translucent,0.3923722045427977
1165,233,radiance,0.3191063179961043
1166,233,warmth,0.5091927449094854
1167,233,bare,0.2775939547749625
1168,233,blush,0.3413764784055864
1169,233,bronzer,0.3657763744671178
1170,234,sprays,0.20977554089554515
1171,234,nighter,0.4326543299030103
1172,234,blot,0.16988901697142933
1173,234,setting,0.7506377895137701
1174,234,zone,0.15794414093646378
1175,235,covers,0.28056641639114827
1176,235,concealers,0.39066851607617564
1177,235,nars,0.2428949983273397
1178,235,circles,0.46129237092898556
1179,235,crease,0.29739270336623996
1180,236,covers,0.14595853974195733
1181,236,erase,0.23545815937558356
1182,236,creases,0.1703026268313454
1183,236,circles,0.795896490454934
1184,236,paste,0.26811206550446254
1185,237,covers,0.28655449201481453
1186,237,concealers,0.28251731534826213
1187,237,blemishes,0.3137662779342208
1188,237,cakey,0.1964185295741401
1189,237,circles,0.6273822737690328
1190,238,covers,0.4215418465197109
1191,238,concealers,0.2606244234239641
1192,238,blemishes,0.2738515085923698
1193,238,shade,0.23365263584405882
1194,238,circles,0.4835903387638881
1195,239,covers,0.27190082997418896
1196,239,circles,0.4151130981202054
1197,239,bareminerals,0.24415963791758896
1198,239,rested,0.5522091823408459
1199,239,minerals,0.22207843416113057
1200,240,absorbs,0.17492947759529331
1201,240,firming,0.274250078472266
1202,240,glitter,0.3067070346007523
1203,240,shimmer,0.5812559680850145
1204,240,tightening,0.24593802789267424
1205,241,butter,0.5036443302902497
1206,241,vanilla,0.5728371346586668
1207,241,citrus,0.32796509043665545
1208,241,scents,0.21398713153364585
1209,241,sweet,0.1969314301894958
1210,242,chicken,0.18807953874259253
1211,242,arms,0.7333686226500352
1212,242,bumps,0.44110178193866534
1213,242,scrub,0.2985674434231575
1214,242,duty,0.2315099617905027
1215,243,floral,0.16820672731906253
1216,243,divine,0.5952461119259246
1217,243,caudalie,0.43183668003880515
1218,243,legs,0.1535116909922902
1219,243,absorbs,0.2714411549419373
1220,244,butter,0.3983872608162225
1221,244,perfume,0.08674245151931931
1222,244,vanilla,0.8635443118967325
1223,244,lavender,0.1153269952649164
1224,244,coconut,0.16549339985900027
1225,245,cleansing,0.17603011351694162
1226,245,charge,0.31721161839380857
1227,245,heads,0.16142472099127847
1228,245,clarisonic,0.806994475527916
1229,245,cleanser,0.15672832367285777
1230,246,strips,0.13133634202759897
1231,246,coffee,0.07618192124677202
1232,246,sensitivity,0.17719441111776202
1233,246,teeth,0.9556851266071772
1234,246,smile,0.05426268859245569
1235,247,removal,0.22519538810383416
1236,247,legs,0.34430436266502706
1237,247,hairs,0.26453104216555645
1238,247,laser,0.5598203368116579
1239,247,growth,0.2839134389916907
1240,248,charge,0.3040626509151206
1241,248,heads,0.29944053230403384
1242,248,clarisonic,0.7024306065480345
1243,248,cleanser,0.19922751120587884
1244,248,bristles,0.20511864742647962
1245,249,peach,0.7115948821720699
1246,249,influenster,0.33286456679946963
1247,249,exfoliating,0.15338173895729673
1248,249,tool,0.1480643091689556
1249,249,charge,0.22401618995891515
1250,250,root,0.3678309828427279
1251,250,gray,0.43974470487228295
1252,250,grey,0.19353367885669584
1253,250,roots,0.6300216850976137
1254,250,covers,0.1735143141614179
1255,251,frizz,0.4064751246737937
1256,251,conditioner,0.24841857435764603
1257,251,blow,0.2308288104133134
1258,251,curly,0.30854223334308384
1259,251,frizzy,0.3702003768668963
1260,252,frizz,0.5969629548788975
1261,252,frizzy,0.34884164780232124
1262,252,mist,0.3442964101298834
1263,252,curly,0.19320163315888336
1264,252,weigh,0.1978132990060358
1265,253,damaged,0.19540314242986886
1266,253,conditioner,0.6232783929924112
1267,253,curly,0.20428779965379584
1268,253,frizzy,0.2437257478321649
1269,253,conditioning,0.32613127188527874
1270,254,curls,0.19417835906958486
1271,254,wavy,0.4307853453004689
1272,254,curly,0.2112408024467559
1273,254,waves,0.4844753438540575
1274,254,wave,0.46837275094146624
1275,255,balm,0.12479460386120608
1276,255,lip,0.42111873485409584
1277,255,chapped,0.1576074230789722
1278,255,lipstick,0.08382294520733358
1279,255,lips,0.8574773918191633
1280,256,lip,0.473666650557343
1281,256,mint,0.172228954158932
1282,256,balm,0.46676806041954666
1283,256,lips,0.6753714210430349
1284,256,balms,0.16123561665942573
1285,257,tinted,0.3137235939319126
1286,257,radiant,0.3173003739886525
1287,257,shade,0.196638098808665
1288,257,luminous,0.1772786487070274
1289,257,pump,0.4263561354567309
1290,258,moisturizers,0.23445002893856595
1291,258,sunscreen,0.15833915205336982
1292,258,boscia,0.5489599033935221
1293,258,spf,0.6240826063066106
1294,258,absorbs,0.27269614510853646
1295,259,blackheads,0.1643476752451865
1296,259,ptr,0.17491964019920014
1297,259,cystic,0.10391349459349042
1298,259,pad,0.16401592907899434
1299,259,pads,0.8597674655121668
1300,260,bags,0.15177277684341997
1301,260,puffy,0.14604623820663934
1302,260,puffiness,0.4445391226886575
1303,260,brightening,0.17426070644188696
1304,260,circles,0.762030629338381
1305,261,wrinkles,0.6083156326950291
1306,261,shiseido,0.3130690420569095
1307,261,jar,0.1552415474796148
1308,261,circles,0.35805057383567346
1309,261,wrinkle,0.1854899043009385
1310,262,puffy,0.17655420539007952
1311,262,darkness,0.13264230384376152
1312,262,clinique,0.14563287858888993
1313,262,puffiness,0.5442164703486341
1314,262,circles,0.7183056926379926
1315,263,clinique,0.1962940089159924
1316,263,jar,0.13348199002366373
1317,263,puffiness,0.48221418681054273
1318,263,circles,0.7573771080190825
1319,263,wrinkles,0.14340676815347206
1320,264,bags,0.24120929498200577
1321,264,puffy,0.28932086902194176
1322,264,puffiness,0.6920163933587802
1323,264,roller,0.29274360664995963
1324,264,circles,0.31055637379816475
1325,265,lip,0.40010288349732237
1326,265,plumping,0.24974227911015875
1327,265,gloss,0.6197898818185857
1328,265,lips,0.47399095418763026
1329,265,tingle,0.17031300733197088
1330,266,lip,0.43283457411892484
1331,266,shade,0.0967979025754774
1332,266,gloss,0.7767432714061597
1333,266,lips,0.36765658283602354
1334,266,nude,0.10992992059518872
1335,267,lip,0.4226009362238613
1336,267,glossy,0.29254070625515644
1337,267,gloss,0.3772538045015998
1338,267,lips,0.43954962464328845
1339,267,stain,0.49916036591788926
1340,268,lip,0.46683211511194145
1341,268,plumping,0.2557450340285435
1342,268,gloss,0.5399876920346462
1343,268,lips,0.47910785127029004
1344,268,minty,0.17848481293945972
1345,269,lipstick,0.16980602351548477
1346,269,lip,0.29233927370031276
1347,269,gloss,0.7610493830978925
1348,269,lips,0.33606907588946555
1349,269,honey,0.33776525377724087
1350,270,moisturizers,0.1476246853492951
1351,270,dog,0.14669132034328858
1352,270,philosophy,0.39847398206266904
1353,270,absorbs,0.20032469150539428
1354,270,jar,0.7396888082161447
1355,271,josie,0.28250004231888
1356,271,drops,0.47570837866223387
1357,271,cuticles,0.24134350111115294
1358,271,argan,0.5570078063909139
1359,271,maran,0.2223193582371748
1360,272,moisturizers,0.24004816801285736
1361,272,repair,0.25764493141531947
1362,272,fab,0.2072078836413989
1363,272,absorbs,0.19383001066745
1364,272,eczema,0.5412842374293816
1365,273,moisturizers,0.5161955587532909
1366,273,clinique,0.38714666906496825
1367,273,absorbs,0.42452748915279515
1368,273,dramatically,0.168057817130273
1369,273,zone,0.2416218570760274
1370,274,moisturizers,0.3482962181464947
1371,274,clinique,0.42503945265334947
1372,274,absorbs,0.3437332610801807
1373,274,surge,0.4893092748421118
1374,274,jar,0.2907215384435809
