0.5981605716149321
0.5475160478381274
0.4932269766773386
0.47359186309968376
0.4917543825593025
0.5223596159309565
0.5504419951753846
0.5411723262465132
0.4640747287241627
0.5244409114845068
0.5416528678477943
0.5198610940756038
0.5484485772202291
0.5611476183919761
0.5668356630156534
0.49868873786962087
0.560781953358354
0.6235311736626444
0.6149924252739449
0.6175387398260744
0.5774376731096175
0.5600367558671159
0.4813061260493267
0.2636206932407178
0.31146081043511
0.30831025108219
0.500878537155645
0.42962760647476606
0.7010584226610654
0.47614651601527774
0.6165363082282536
0.447328244632739
0.5523321358296285
0.49313335020583343
0.4776877925333118
0.47470865295291087
0.44663010109766943
0.570002552143745
0.4977572044972269
0.5514453661270766
0.5486854968349458
0.5218068280037467
0.43732777322720134
0.3653411177324662
0.5192777375614784
0.5815777178463494
0.53355689572013
0.650353183300513
0.5963951124731534
0.6172297139146089
0.4917543825593025
0.5237332428162103
0.5138442220226568
0.6026593974466143
0.5654270156283762
0.5483204158352641
0.5496759045190476
0.5877506508620972
0.4247848681000088
0.5298022539142444
0.5464456141269791
0.3455073387825865
0.5542171929533374
0.46988933943454547
0.5473949864031039
0.4984745268147803
0.5243736676332017
0.5138442220226568
0.4709312826460783
0.5667201050398346
0.5667436096546647
0.5036888617984278
0.3838763812418061
0.32719572067782154
0.4323201489710291
0.506859501839024
0.23967414890117927
0.5258014762158141
0.5590871713898928
0.4929791871668415
0.5266866014572945
0.5022058073330252
0.6473645367259867
0.6420044554013379
0.5649131295268366
0.48674614475384104
0.5177048055295492
0.4774077081285797
0.5464456141269791
0.5407711427811825
0.5665431255875424
0.5846125243375814
0.5200055099506521
0.4996701755446343
0.4842942697740792
0.48651853591550337
0.5042326704821913
0.4076522927249809
0.4418047345849984
0.4649652380189538
0.5573691437856076
0.5014478200051186
0.5342054562497083
0.6325681641894687
0.47112821712281044
0.537687389482677
0.4440580797801383
0.39466056011717243
0.43732777322720134
0.5503954409814007
0.5497905983157042
0.6451027549745794
0.5130954791467849
0.4982298359035122
0.38217429988524027
0.5265380247853159
0.535772429501815
0.500823527751045
0.44122906278548363
0.5504571615062919
0.5443254520400311
0.39515374816319015
0.4842942697740792
0.41274298428417194
0.4719216548410519
0.43732777322720134
0.3653411177324662
0.5448587988595521
0.5475160478381274
0.4932269766773386
0.47359186309968376
0.5189102138626565
0.4917543825593025
0.4281719428249252
0.5410273098735859
0.4965385069804818
0.4772501094970307
0.49758926832428174
0.45870101407197844
0.4423231852363372
0.3983273436793691
0.42284445482404837
0.41202315346654417
0.2648532704897791
0.5226407555880668
0.5410273098735859
0.5429910378541644
0.6190620208747004
0.4440580797801383
0.4727617808989868
0.5085611112856829
0.4982298359035122
0.38217429988524027
0.5265380247853159
0.535772429501815
0.4040931408723152
0.5719231333692071
0.4483425611033334
0.4055339860351375
0.4995375622459995
0.5151766881059827
0.4984745268147803
0.5162646143310414
0.5604736087762767
0.556183236527921
0.5587698135582917
0.5517297530431057
0.5189102138626565
0.5138442220226568
0.5667201050398346
0.5036888617984278
0.4966112082980341
0.5198610940756038
0.4813061260493267
0.5483204158352641
0.47845167907662295
0.4421867393718021
0.5098681465844904
0.41530355527218576
0.48499983467464564
0.521097138448209
0.5044927908301753
0.5809848550492536
0.5346279435247651
0.38390834006816077
0.5500242103800446
0.40985283573820974
0.3926400369223603
0.5222380336570261
0.3546384792288081
0.5484485772202291
0.5209741414232377
0.4686269882429587
0.5583531595303154
0.4765980884647043
0.6461732617890775
0.4880358279746048
0.6108671601184578
0.5095336984841975
0.5876517679716338
0.5302508204244669
0.6050344116505035
0.28286516298165715
0.5484485772202291
0.5231949670386061
0.49868873786962087
0.4995375622459995
0.5667201050398346
0.48270674155700105
0.4089531023176077
0.5407711427811825
0.48984082879985547
0.5095336984841975
0.4483425611033334
0.3287004072543109
0.5743330883194457
0.3498633978009911
0.49292633490544274
0.4998227110938541
0.5035561975678648
0.5879644171681999
0.5084459080703838
0.511266045736974
0.48688188852169617
0.4040931408723152
0.46210204895286244
0.5398833082017142
0.41789986880762087
0.5455023730219883
0.42646839573446943
0.4867157282700604
0.5523735448241155
0.5571012182204325
0.5088506625224595
0.4832362566400085
0.5198610940756038
0.525682997953845
0.5138442220226568
0.4709312826460783
0.5667201050398346
0.5036888617984278
0.4850015385197436
0.2636206932407178
0.5623888975729786
0.6013542849635155
0.4640812614958105
0.34579077698795074
0.4423231852363372
0.3983273436793691
0.42284445482404837
0.41202315346654417
0.2648532704897791
0.421371128835776
0.5099838574035046
0.5266271184788822
0.4418047345849984
0.5304522473761839
0.505294463306473
0.523566445438508
0.5138442220226568
0.6026593974466143
0.5654270156283762
0.5667201050398346
0.46223522840047665
0.3546384792288081
0.5484485772202291
0.5209741414232377
0.4686269882429587
0.5583531595303154
0.5877980898206115
0.5338233476444685
0.5573691437856076
0.48625642086752346
0.5400855671859273
0.5124681760294859

