0.598161
0.645103
0.610867
0.482707
0.503556

0.486716
0.485002
0.421371
0.462235
0.512468

0.519861
0.481306
0.493133
0.519278
0.548320

0.524374
0.525801
0.546446
0.464965
0.549791

0.484294
0.428172
0.522641
0.404093
0.551730

0.509868
0.522238
0.476598
0.646173
0.488036

0.509534
0.587652
0.530251
0.605034
0.282865

0.548449
0.523195
0.498689
0.499538
0.566720

0.408953
0.540771
0.489841
0.509534
0.448343

0.328700
0.574333
0.349863
0.492926
0.499823

0.587964
0.508446
0.511266
0.486882
0.404093

0.462102
0.539883
0.417900
0.545502
0.426468

0.552374
0.557101
0.508851
0.483236
0.519861

0.525683
0.513844
0.470931
0.566720
0.503689

0.263621
0.562389
0.601354
0.464081
0.345791

0.442323
0.398327
0.422844
0.412023
0.264853

0.509984
0.526627
0.441805
0.530452
0.505294

0.523566
0.513844
0.602659
0.565427
0.566720

0.354638
0.548449
0.520974
0.468627
0.558353

0.587798
0.533823
0.557369
0.486256
0.540086

0.547516
0.493227
0.473592
0.491754
0.522360

0.550442
0.541172
0.464075
0.524441
0.541653

0.548449
0.561148
0.566836
0.498689
0.560782

0.623531
0.614992
0.617539
0.577438
0.560037

0.263621
0.311461
0.308310
0.500879
0.429628

0.701058
0.476147
0.616536
0.447328
0.552332

0.477688
0.474709
0.446630
0.570003
0.497757

0.551445
0.548685
0.521807
0.437328
0.365341

0.581578
0.533557
0.650353
0.596395
0.617230

0.491754
0.523733
0.513844
0.602659
0.565427

0.549676
0.587751
0.424785
0.529802
0.546446

0.345507
0.554217
0.469889
0.547395
0.498475

0.513844
0.470931
0.566720
0.566744
0.503689

0.383876
0.327196
0.432320
0.506860
0.239674

0.559087
0.492979
0.526687
0.502206
0.647365

0.642004
0.564913
0.486746
0.517705
0.477408

0.540771
0.566543
0.584613
0.520006
0.499670

0.484294
0.486519
0.504233
0.407652
0.441805

0.557369
0.501448
0.534205
0.632568
0.471128

0.537687
0.444058
0.394661
0.437328
0.550395

0.513095
0.498230
0.382174
0.526538
0.535772

0.500824
0.441229
0.550457
0.544325
0.395154

0.412743
0.471922
0.437328
0.365341
0.544859

0.547516
0.493227
0.473592
0.518910
0.491754

0.541027
0.496539
0.477250
0.497589
0.458701

0.442323
0.398327
0.422844
0.412023
0.264853

0.541027
0.542991
0.619062
0.444058
0.472762

0.508561
0.498230
0.382174
0.526538
0.535772

0.571923
0.448343
0.405534
0.499538
0.515177

0.498475
0.516265
0.560474
0.556183
0.558770

0.518910
0.513844
0.566720
0.503689
0.496611

0.519861
0.481306
0.548320
0.478452
0.442187

0.415304
0.485000
0.521097
0.504493
0.580985

0.534628
0.383908
0.550024
0.409853
0.392640

0.354638
0.548449
0.520974
0.468627
0.558353
